Voltage U1	Corriente IA
U1/V	IA/nA

0,02	0,44
0,04	0,46
0,07	0,51
0,09	0,50
0,12	0,53
0,14	0,53
0,17	0,57
0,19	0,55
0,21	0,55
0,24	0,51
0,26	0,54
0,29	0,58
0,31	0,58
0,34	0,64
0,36	0,57
0,39	0,57
0,41	0,55
0,43	0,65
0,46	0,60
0,48	0,72
0,51	0,57
0,53	0,66
0,56	0,60
0,58	0,77
0,61	0,67
0,63	0,79
0,65	0,59
0,68	0,76
0,70	0,63
0,73	0,80
0,75	0,64
0,78	0,76
0,80	0,57
0,83	0,77
0,85	0,60
0,87	0,81
0,90	0,62
0,92	0,81
0,95	0,63
0,97	0,83
1,00	0,62
1,02	0,83
1,05	0,62
1,07	0,79
1,09	0,57
1,12	0,80
1,14	0,60
1,17	0,76
1,19	0,55
1,22	0,71
1,24	0,54
1,26	0,75
1,29	0,53
1,31	0,67
1,34	0,51
1,36	0,63
1,39	0,48
1,41	0,66
1,44	0,48
1,46	0,60
1,48	0,46
1,51	0,55
1,53	0,47
1,56	0,61
1,58	0,48
1,61	0,56
1,63	0,44
1,66	0,53
1,68	0,50
1,70	0,59
1,73	0,51
1,75	0,56
1,78	0,47
1,80	0,55
1,83	0,54
1,85	0,59
1,88	0,57
1,90	0,56
1,92	0,52
1,95	0,56
1,97	0,58
2,00	0,58
2,02	0,62
2,05	0,55
2,07	0,56
2,10	0,56
2,12	0,66
2,14	0,67
2,17	0,76
2,19	0,63
2,22	0,70
2,24	0,61
2,27	0,74
2,29	0,63
2,31	0,72
2,34	0,55
2,36	0,66
2,39	0,55
2,41	0,75
2,44	0,61
2,46	0,77
2,49	0,58
2,51	0,75
2,53	0,61
2,56	0,81
2,58	0,62
2,61	0,79
2,63	0,58
2,66	0,77
2,68	0,59
2,71	0,76
2,73	0,56
2,75	0,72
2,78	0,53
2,80	0,73
2,83	0,54
2,85	0,69
2,88	0,54
2,90	0,67
2,93	0,51
2,95	0,71
2,97	0,51
3,00	0,65
3,02	0,50
3,05	0,61
3,07	0,47
3,10	0,62
3,12	0,44
3,15	0,56
3,17	0,41
3,19	0,52
3,22	0,45
3,24	0,59
3,27	0,50
3,29	0,58
3,32	0,46
3,34	0,56
3,36	0,51
3,39	0,59
3,41	0,52
3,44	0,53
3,46	0,46
3,49	0,53
3,51	0,52
3,54	0,58
3,56	0,56
3,58	0,54
3,61	0,56
3,63	0,58
3,66	0,62
3,68	0,62
3,71	0,66
3,73	0,59
3,76	0,60
3,78	0,55
3,80	0,64
3,83	0,60
3,85	0,68
3,88	0,57
3,90	0,62
3,93	0,56
3,95	0,71
3,98	0,62
4,00	0,74
4,02	0,58
4,05	0,71
4,07	0,62
4,10	0,81
4,12	0,66
4,15	0,82
4,17	0,63
4,20	0,80
4,22	0,63
4,24	0,82
4,27	0,65
4,29	0,79
4,32	0,58
4,34	0,79
4,37	0,62
4,39	0,80
4,42	0,61
4,44	0,75
4,46	0,56
4,49	0,75
4,51	0,54
4,54	0,70
4,56	0,51
4,59	0,66
4,61	0,50
4,63	0,71
4,66	0,51
4,68	0,66
4,71	0,50
4,73	0,63
4,76	0,49
4,78	0,64
4,81	0,46
4,83	0,58
4,85	0,44
4,88	0,56
4,90	0,45
4,93	0,59
4,95	0,48
4,98	0,55
5,00	0,44
5,03	0,53
5,05	0,47
5,07	0,59
5,10	0,51
5,12	0,55
5,15	0,47
5,17	0,55
5,20	0,54
5,22	0,58
5,25	0,54
5,27	0,55
5,29	0,49
5,32	0,53
5,34	0,57
5,37	0,58
5,39	0,62
5,42	0,57
5,44	0,57
5,47	0,58
5,49	0,67
5,51	0,64
5,54	0,73
5,56	0,60
5,59	0,66
5,61	0,61
5,64	0,75
5,66	0,66
5,68	0,77
5,71	0,58
5,73	0,72
5,76	0,63
5,78	0,79
5,81	0,66
5,83	0,79
5,86	0,60
5,88	0,78
5,90	0,62
5,93	0,80
5,95	0,62
5,98	0,77
6,00	0,58
6,03	0,75
6,05	0,57
6,08	0,79
6,10	0,60
6,12	0,76
6,15	0,56
6,17	0,75
6,20	0,58
6,22	0,74
6,25	0,53
6,27	0,68
6,30	0,51
6,32	0,70
6,34	0,51
6,37	0,66
6,39	0,50
6,42	0,64
6,44	0,48
6,47	0,66
6,49	0,50
6,52	0,62
6,54	0,48
6,56	0,58
6,59	0,47
6,61	0,62
6,64	0,49
6,66	0,56
6,69	0,43
6,71	0,52
6,73	0,47
6,76	0,56
6,78	0,49
6,81	0,55
6,83	0,45
6,86	0,54
6,88	0,53
6,91	0,59
6,93	0,56
6,95	0,56
6,98	0,50
7,00	0,56
7,03	0,58
7,05	0,58
7,08	0,63
7,10	0,59
7,13	0,59
7,15	0,58
7,17	0,65
7,20	0,65
7,22	0,74
7,25	0,60
7,27	0,65
7,30	0,58
7,32	0,72
7,35	0,65
7,37	0,75
7,39	0,59
7,42	0,70
7,44	0,61
7,47	0,80
7,49	0,65
7,52	0,78
7,54	0,59
7,57	0,75
7,59	0,62
7,61	0,82
7,64	0,64
7,66	0,83
7,69	0,63
7,71	0,80
7,74	0,62
7,76	0,81
7,78	0,61
7,81	0,79
7,83	0,58
7,86	0,78
7,88	0,60
7,91	0,77
7,93	0,58
7,96	0,73
7,98	0,54
8,00	0,75
8,03	0,54
8,05	0,70
8,08	0,53
8,10	0,67
8,13	0,51
8,15	0,68
8,18	0,48
8,20	0,62
8,22	0,46
8,25	0,59
8,27	0,49
8,30	0,66
8,32	0,52
8,35	0,63
8,37	0,50
8,40	0,60
8,42	0,53
8,44	0,62
8,47	0,53
8,49	0,59
8,52	0,47
8,54	0,58
8,57	0,56
8,59	0,63
8,62	0,59
8,64	0,61
8,66	0,58
8,69	0,64
8,71	0,65
8,74	0,67
8,76	0,69
8,79	0,65
8,81	0,64
8,84	0,62
8,86	0,70
8,88	0,69
8,91	0,77
8,93	0,67
8,96	0,70
8,98	0,63
9,01	0,80
9,03	0,71
9,05	0,82
9,08	0,63
9,10	0,74
9,13	0,65
9,15	0,85
9,18	0,68
9,20	0,84
9,23	0,64
9,25	0,82
9,27	0,69
9,30	0,90
9,32	0,72
9,35	0,90
9,37	0,67
9,40	0,89
9,42	0,69
9,45	0,88
9,47	0,67
9,49	0,84
9,52	0,62
9,54	0,83
9,57	0,61
9,59	0,79
9,62	0,58
9,64	0,74
9,67	0,56
9,69	0,78
9,71	0,56
9,74	0,73
9,76	0,55
9,79	0,71
9,81	0,55
9,84	0,74
9,86	0,53
9,89	0,68
9,91	0,51
9,93	0,64
9,96	0,52
9,98	0,69
10,01	0,57
10,03	0,69
10,06	0,54
10,08	0,65
10,10	0,58
10,13	0,71
10,15	0,61
10,18	0,64
10,20	0,55
10,23	0,63
10,25	0,61
10,28	0,68
10,30	0,62
10,32	0,64
10,35	0,59
10,37	0,65
10,40	0,70
10,42	0,73
10,45	0,75
10,47	0,73
10,50	0,72
10,52	0,73
10,54	0,80
10,57	0,77
10,59	0,85
10,62	0,75
10,64	0,77
10,67	0,72
10,69	0,83
10,72	0,76
10,74	0,89
10,76	0,71
10,79	0,81
10,81	0,73
10,84	0,90
10,86	0,80
10,89	0,92
10,91	0,72
10,94	0,90
10,96	0,75
10,98	0,96
11,01	0,80
11,03	0,96
11,06	0,74
11,08	0,92
11,11	0,72
11,13	0,95
11,15	0,74
11,18	0,90
11,20	0,69
11,23	0,90
11,25	0,71
11,28	0,89
11,30	0,68
11,33	0,84
11,35	0,64
11,37	0,86
11,40	0,65
11,42	0,81
11,45	0,63
11,47	0,80
11,50	0,63
11,52	0,84
11,55	0,64
11,57	0,79
11,59	0,65
11,62	0,78
11,64	0,65
11,67	0,82
11,69	0,67
11,72	0,77
11,74	0,61
11,77	0,72
11,79	0,66
11,81	0,77
11,84	0,67
11,86	0,74
11,89	0,64
11,91	0,75
11,94	0,74
11,96	0,81
11,99	0,77
12,01	0,79
12,03	0,74
12,06	0,82
12,08	0,83
12,11	0,84
12,13	0,86
12,16	0,81
12,18	0,79
12,21	0,82
12,23	0,89
12,25	0,88
12,28	0,95
12,30	0,83
12,33	0,91
12,35	0,87
12,38	0,99
12,40	0,92
12,42	1,01
12,45	0,85
12,47	0,97
12,50	0,86
12,52	1,05
12,55	0,91
12,57	1,04
12,60	0,87
12,62	1,05
12,64	0,90
12,67	1,12
12,69	0,93
12,72	1,10
12,74	0,89
12,77	1,09
12,79	0,91
12,82	1,13
12,84	0,91
12,86	1,10
12,89	0,87
12,91	1,09
12,94	0,89
12,96	1,06
12,99	0,86
13,01	1,02
13,04	0,81
13,06	1,06
13,08	0,84
13,11	1,00
13,13	0,82
13,16	0,96
13,18	0,79
13,21	1,00
13,23	0,78
13,26	0,95
13,28	0,77
13,30	0,91
13,33	0,81
13,35	0,98
13,38	0,84
13,40	0,97
13,43	0,82
13,45	0,96
13,47	0,90
13,50	1,02
13,52	0,95
13,55	1,00
13,57	0,88
13,60	0,99
13,62	0,94
13,65	1,02
13,67	0,97
13,69	0,98
13,72	0,94
13,74	1,01
13,77	1,03
13,79	1,10
13,82	1,10
13,84	1,07
13,87	1,06
13,89	1,03
13,91	1,10
13,94	1,08
13,96	1,11
13,99	1,03
14,01	1,07
14,04	1,03
14,06	1,20
14,09	1,13
14,11	1,23
14,13	1,09
14,16	1,17
14,18	1,08
14,21	1,24
14,23	1,11
14,26	1,23
14,28	1,05
14,31	1,19
14,33	1,09
14,35	1,26
14,38	1,09
14,40	1,25
14,43	1,03
14,45	1,23
14,48	1,07
14,50	1,26
14,52	1,11
14,55	1,27
14,57	1,05
14,60	1,27
14,62	1,02
14,65	1,19
14,67	0,99
14,70	1,12
14,72	0,92
14,74	1,13
14,77	0,91
14,79	1,10
14,82	0,92
14,84	1,06
14,87	0,93
14,89	1,13
14,92	0,94
14,94	1,10
14,96	0,93
14,99	1,07
15,01	0,96
15,04	1,10
15,06	0,97
15,09	1,06
15,11	0,92
15,14	1,05
15,16	0,97
15,18	1,08
15,21	1,00
15,23	1,03
15,26	0,97
15,28	1,07
15,31	1,03
15,33	1,10
15,36	1,02
15,38	1,03
15,40	0,99
15,43	1,03
15,45	1,04
15,48	1,06
15,50	1,07
15,53	1,07
15,55	1,05
15,57	1,05
15,60	1,12
15,62	1,11
15,65	1,17
15,67	1,08
15,70	1,12
15,72	1,08
15,75	1,21
15,77	1,14
15,79	1,25
15,82	1,09
15,84	1,18
15,87	1,10
15,89	1,26
15,92	1,14
15,94	1,27
15,97	1,07
15,99	1,27
16,01	1,15
16,04	1,32
16,06	1,17
16,09	1,30
16,11	1,10
16,14	1,29
16,16	1,10
16,19	1,30
16,21	1,10
16,23	1,25
16,26	1,07
16,28	1,27
16,31	1,07
16,33	1,26
16,36	1,07
16,38	1,24
16,41	1,06
16,43	1,27
16,45	1,07
16,48	1,22
16,50	1,05
16,53	1,19
16,55	1,00
16,58	1,20
16,60	1,01
16,63	1,16
16,65	1,03
16,67	1,16
16,70	1,04
16,72	1,26
16,75	1,13
16,77	1,23
16,80	1,11
16,82	1,22
16,84	1,16
16,87	1,29
16,89	1,18
16,92	1,23
16,94	1,13
16,97	1,23
16,99	1,22
17,02	1,30
17,04	1,26
17,06	1,29
17,09	1,25
17,11	1,34
17,14	1,35
17,16	1,38
17,19	1,40
17,21	1,38
17,24	1,37
17,26	1,40
17,28	1,46
17,31	1,46
17,33	1,53
17,36	1,45
17,38	1,50
17,41	1,47
17,43	1,58
17,46	1,56
17,48	1,67
17,50	1,52
17,53	1,63
17,55	1,54
17,58	1,71
17,60	1,60
17,63	1,71
17,65	1,53
17,68	1,67
17,70	1,55
17,72	1,75
17,75	1,58
17,77	1,73
17,80	1,54
17,82	1,74
17,85	1,59
17,87	1,80
17,89	1,60
17,92	1,78
17,94	1,58
17,97	1,79
17,99	1,61
18,02	1,77
18,04	1,59
18,07	1,74
18,09	1,54
18,11	1,76
18,14	1,57
18,16	1,73
18,19	1,57
18,21	1,71
18,24	1,55
18,26	1,76
18,29	1,57
18,31	1,72
18,33	1,55
18,36	1,69
18,38	1,58
18,41	1,73
18,43	1,60
18,46	1,73
18,48	1,58
18,51	1,70
18,53	1,64
18,55	1,75
18,58	1,68
18,60	1,72
18,63	1,60
18,65	1,70
18,68	1,67
18,70	1,73
18,73	1,70
18,75	1,71
18,77	1,67
18,80	1,76
18,82	1,77
18,85	1,81
18,87	1,81
18,90	1,76
18,92	1,76
18,94	1,75
18,97	1,81
18,99	1,79
19,02	1,84
19,04	1,76
19,07	1,79
19,09	1,74
19,12	1,88
19,14	1,78
19,16	1,88
19,19	1,74
19,21	1,82
19,24	1,73
19,26	1,89
19,29	1,75
19,31	1,90
19,34	1,71
19,36	1,85
19,38	1,73
19,41	1,92
19,43	1,74
19,46	1,92
19,48	1,70
19,51	1,89
19,53	1,70
19,56	1,90
19,58	1,71
19,60	1,87
19,63	1,64
19,65	1,85
19,68	1,62
19,70	1,80
19,73	1,59
19,75	1,74
19,78	1,52
19,80	1,73
19,82	1,50
19,85	1,66
19,87	1,45
19,90	1,61
19,92	1,44
19,95	1,65
19,97	1,45
19,99	1,60
20,02	1,43
20,04	1,60
20,07	1,45
20,09	1,60
20,12	1,45
20,14	1,55
20,17	1,39
20,19	1,54
20,21	1,45
20,24	1,58
20,26	1,49
20,29	1,54
20,31	1,44
20,34	1,54
20,36	1,49
20,39	1,58
20,41	1,51
20,43	1,52
20,46	1,47
20,48	1,54
20,51	1,54
20,53	1,58
20,56	1,55
20,58	1,53
20,61	1,50
20,63	1,49
20,65	1,56
20,68	1,56
20,70	1,61
20,73	1,54
20,75	1,58
20,78	1,57
20,80	1,70
20,83	1,63
20,85	1,76
20,87	1,61
20,90	1,69
20,92	1,62
20,95	1,78
20,97	1,66
21,00	1,80
21,02	1,59
21,05	1,76
21,07	1,65
21,09	1,84
21,12	1,68
21,14	1,86
21,17	1,63
21,19	1,85
21,22	1,67
21,24	1,89
21,26	1,70
21,29	1,89
21,31	1,68
21,34	1,91
21,36	1,69
21,39	1,93
21,41	1,72
21,44	1,92
21,46	1,71
21,48	1,96
21,51	1,76
21,53	1,97
21,56	1,77
21,58	1,95
21,61	1,78
21,63	2,02
21,66	1,85
21,68	2,04
21,70	1,88
21,73	2,05
21,75	1,94
21,78	2,16
21,80	2,02
21,83	2,14
21,85	1,99
21,88	2,13
21,90	2,07
21,92	2,24
21,95	2,14
21,97	2,23
22,00	2,12
22,02	2,26
22,05	2,26
22,07	2,36
22,10	2,31
22,12	2,38
22,14	2,35
22,17	2,44
22,19	2,47
22,22	2,53
22,24	2,55
22,27	2,55
22,29	2,52
22,31	2,54
22,34	2,63
22,36	2,65
22,39	2,74
22,41	2,68
22,44	2,72
22,46	2,71
22,49	2,87
22,51	2,85
22,53	2,97
22,56	2,81
22,58	2,91
22,61	2,84
22,63	3,01
22,66	2,87
22,68	3,01
22,71	2,83
22,73	2,98
22,75	2,87
22,78	3,09
22,80	2,92
22,83	3,11
22,85	2,92
22,88	3,12
22,90	2,95
22,93	3,18
22,95	2,99
22,97	3,19
23,00	2,96
23,02	3,17
23,05	2,96
23,07	3,16
23,10	2,93
23,12	3,11
23,15	2,88
23,17	3,12
23,19	2,90
23,22	3,08
23,24	2,90
23,27	3,07
23,29	2,85
23,32	3,07
23,34	2,83
23,36	2,98
23,39	2,79
23,41	2,93
23,44	2,79
23,46	2,98
23,49	2,82
23,51	2,94
23,54	2,76
23,56	2,89
23,58	2,81
23,61	2,93
23,63	2,82
23,66	2,87
23,68	2,74
23,71	2,85
23,73	2,80
23,76	2,85
23,78	2,78
23,80	2,78
23,83	2,71
23,85	2,79
23,88	2,79
23,90	2,81
23,93	2,79
23,95	2,75
23,98	2,73
24,00	2,72
24,02	2,74
24,05	2,72
24,07	2,75
24,10	2,65
24,12	2,66
24,15	2,59
24,17	2,71
24,20	2,63
24,22	2,71
24,24	2,55
24,27	2,61
24,29	2,49
24,32	2,68
24,34	2,53
24,37	2,66
24,39	2,45
24,42	2,59
24,44	2,45
24,46	2,65
24,49	2,43
24,51	2,58
24,54	2,34
24,56	2,54
24,59	2,36
24,61	2,55
24,63	2,35
24,66	2,52
24,68	2,27
24,71	2,50
24,73	2,26
24,76	2,43
24,78	2,22
24,81	2,35
24,83	2,11
24,85	2,34
24,88	2,09
24,90	2,25
24,93	2,04
24,95	2,19
24,98	2,01
25,00	2,22
25,03	1,98
25,05	2,16
25,07	1,98
25,10	2,13
25,12	1,98
25,15	2,16
25,17	2,00
25,20	2,13
25,22	1,94
25,25	2,08
25,27	1,98
25,29	2,13
25,32	2,04
25,34	2,10
25,37	2,01
25,39	2,14
25,42	2,10
25,44	2,21
25,47	2,15
25,49	2,17
25,51	2,11
25,54	2,14
25,56	2,14
25,59	2,20
25,61	2,19
25,64	2,17
25,66	2,15
25,68	2,19
25,71	2,31
25,73	2,33
25,76	2,40
25,78	2,33
25,81	2,38
25,83	2,36
25,86	2,51
25,88	2,45
25,90	2,58
25,93	2,44
25,95	2,54
25,98	2,48
26,00	2,68
26,03	2,57
26,05	2,74
26,08	2,54
26,10	2,75
26,12	2,65
26,15	2,87
26,17	2,76
26,20	2,95
26,22	2,75
26,25	2,99
26,27	2,83
26,30	3,06
26,32	2,91
26,34	3,08
26,37	2,90
26,39	3,15
26,42	2,97
26,44	3,21
26,47	3,06
26,49	3,24
26,52	3,10
26,54	3,35
26,56	3,18
26,59	3,41
26,61	3,24
26,64	3,45
26,66	3,30
26,69	3,55
26,71	3,40
26,73	3,59
26,76	3,47
26,78	3,67
26,81	3,58
26,83	3,82
26,86	3,71
26,88	3,87
26,91	3,78
26,93	3,95
26,95	3,92
26,98	4,10
27,00	4,02
27,03	4,13
27,05	4,07
27,08	4,21
27,10	4,23
27,13	4,36
27,15	4,33
27,17	4,42
27,20	4,39
27,22	4,49
27,25	4,55
27,27	4,61
27,30	4,65
27,32	4,66
27,35	4,66
27,37	4,72
27,39	4,82
27,42	4,82
27,44	4,93
27,47	4,84
27,49	4,91
27,52	4,88
27,54	5,04
27,57	4,98
27,59	5,09
27,61	4,92
27,64	5,09
27,66	5,00
27,69	5,20
27,71	5,07
27,74	5,19
27,76	5,01
27,78	5,19
27,81	5,00
27,83	5,21
27,86	5,02
27,88	5,19
27,91	4,97
27,93	5,17
27,96	4,96
27,98	5,19
28,00	4,96
28,03	5,14
28,05	4,88
28,08	5,10
28,10	4,85
28,13	5,03
28,15	4,78
28,18	4,93
28,20	4,67
28,22	4,90
28,25	4,66
28,27	4,82
28,30	4,61
28,32	4,75
28,35	4,54
28,37	4,77
28,40	4,53
28,42	4,64
28,44	4,43
28,47	4,52
28,49	4,35
28,52	4,49
28,54	4,28
28,57	4,37
28,59	4,17
28,62	4,28
28,64	4,20
28,66	4,29
28,69	4,17
28,71	4,20
28,74	4,05
28,76	4,14
28,79	4,05
28,81	4,08
28,84	3,98
28,86	3,96
28,88	3,87
28,91	3,90
28,93	3,88
28,96	3,89
28,98	3,86
29,01	3,79
29,03	3,74
29,05	3,71
29,08	3,73
29,10	3,71
29,13	3,74
29,15	3,60
29,18	3,61
29,20	3,51
29,23	3,60
29,25	3,50
29,27	3,56
29,30	3,36
29,32	3,43
29,35	3,30
29,37	3,47
29,40	3,32
29,42	3,44
29,45	3,21
29,47	3,36
29,49	3,19
29,52	3,39
29,54	3,18
29,57	3,32
29,59	3,06
29,62	3,24
29,64	3,04
29,67	3,23
29,69	2,99
29,71	3,14
29,74	2,88
29,76	3,11
29,79	2,87
29,81	3,04
29,84	2,84
29,86	3,00
29,89	2,77
29,91	3,01
29,93	2,78
29,96	2,96
29,98	2,76
30,01	2,90
30,03	2,74
30,06	2,94
30,08	2,75
30,10	2,91
30,13	2,73
30,15	2,89
30,18	2,77
30,20	2,97
30,23	2,86
30,25	2,97
30,28	2,81
30,30	2,97
30,32	2,90
30,35	3,06
30,37	2,99
30,40	3,04
30,42	2,96
30,45	3,10
30,47	3,10
30,50	3,22
30,52	3,20
30,54	3,23
30,57	3,23
30,59	3,32
30,62	3,37
30,64	3,44
30,67	3,48
30,69	3,46
30,72	3,51
30,74	3,55
30,76	3,69
30,79	3,69
30,81	3,80
30,84	3,75
30,86	3,85
30,89	3,85
30,91	4,04
30,94	4,01
30,96	4,20
30,98	4,10
31,01	4,27
31,03	4,22
31,06	4,47
31,08	4,38
31,11	4,61
31,13	4,44
31,15	4,67
31,18	4,59
31,20	4,88
31,23	4,77
31,25	5,02
31,28	4,85
31,30	5,15
31,33	5,02
31,35	5,31
31,37	5,16
31,40	5,39
31,42	5,23
31,45	5,55
31,47	5,40
31,50	5,68
31,52	5,54
31,55	5,80
31,57	5,69
31,59	6,01
31,62	5,87
31,64	6,15
31,67	6,04
31,69	6,32
31,72	6,24
31,74	6,52
31,77	6,42
31,79	6,64
31,81	6,53
31,84	6,76
31,86	6,71
31,89	6,94
31,91	6,89
31,94	7,04
31,96	6,98
31,99	7,19
32,01	7,19
32,03	7,37
32,06	7,34
32,08	7,44
32,11	7,42
32,13	7,56
32,16	7,59
32,18	7,70
32,20	7,71
32,23	7,76
32,25	7,72
32,28	7,79
32,30	7,90
32,33	7,96
32,35	8,03
32,38	8,00
32,40	8,03
32,42	8,06
32,45	8,19
32,47	8,14
32,50	8,23
32,52	8,12
32,55	8,19
32,57	8,15
32,60	8,31
32,62	8,20
32,64	8,32
32,67	8,12
32,69	8,23
32,72	8,09
32,74	8,26
32,77	8,10
32,79	8,25
32,82	7,98
32,84	8,15
32,86	7,95
32,89	8,13
32,91	7,89
32,94	8,02
32,96	7,75
32,99	7,93
33,01	7,68
33,04	7,84
33,06	7,58
33,08	7,68
33,11	7,40
33,13	7,58
33,16	7,30
33,18	7,42
33,21	7,15
33,23	7,25
33,26	7,00
33,28	7,15
33,30	6,87
33,33	6,98
33,35	6,72
33,38	6,80
33,40	6,60
33,43	6,72
33,45	6,51
33,47	6,57
33,50	6,33
33,52	6,40
33,55	6,24
33,57	6,31
33,60	6,12
33,62	6,12
33,65	5,92
33,67	5,97
33,69	5,85
33,72	5,85
33,74	5,71
33,77	5,69
33,79	5,55
33,82	5,55
33,84	5,50
33,87	5,50
33,89	5,46
33,91	5,39
33,94	5,27
33,96	5,23
33,99	5,24
34,01	5,15
34,04	5,15
34,06	5,00
34,09	4,97
34,11	4,91
34,13	4,97
34,16	4,87
34,18	4,93
34,21	4,73
34,23	4,78
34,26	4,64
34,28	4,75
34,31	4,58
34,33	4,66
34,35	4,41
34,38	4,52
34,40	4,33
34,43	4,52
34,45	4,31
34,48	4,44
34,50	4,20
34,52	4,38
34,55	4,17
34,57	4,38
34,60	4,16
34,62	4,35
34,65	4,11
34,67	4,32
34,70	4,10
34,72	4,29
34,74	4,07
34,77	4,25
34,79	4,02
34,82	4,24
34,84	4,02
34,87	4,20
34,89	4,02
34,92	4,18
34,94	3,96
34,96	4,21
34,99	3,99
35,01	4,16
35,04	3,99
35,06	4,15
35,09	4,03
35,11	4,26
35,14	4,12
35,16	4,29
35,18	4,17
35,21	4,34
35,23	4,32
35,26	4,49
35,28	4,42
35,31	4,53
35,33	4,44
35,36	4,61
35,38	4,61
35,40	4,74
35,43	4,75
35,45	4,84
35,48	4,84
35,50	5,01
35,53	5,08
35,55	5,19
35,57	5,26
35,60	5,28
35,62	5,35
35,65	5,43
35,67	5,54
35,70	5,61
35,72	5,72
35,75	5,72
35,77	5,86
35,79	5,90
35,82	6,12
35,84	6,15
35,87	6,35
35,89	6,31
35,92	6,49
35,94	6,49
35,97	6,76
35,99	6,75
36,01	6,99
36,04	6,91
36,06	7,17
36,09	7,17
36,11	7,51
36,14	7,46
36,16	7,74
36,19	7,65
36,21	7,95
36,23	7,92
36,26	8,23
36,28	8,15
36,31	8,42
36,33	8,31
36,36	8,67
36,38	8,59
36,41	8,90
36,43	8,83
36,45	9,12
36,48	9,03
36,50	9,40
36,53	9,30
36,55	9,62
36,58	9,56
36,60	9,81
36,62	9,74
36,65	10,08
36,67	10,00
36,70	10,28
36,72	10,21
36,75	10,47
36,77	10,48
36,80	10,78
36,82	10,76
36,84	10,96
36,87	10,90
36,89	11,12
36,92	11,12
36,94	11,32
36,97	11,33
36,99	11,46
37,02	11,44
37,04	11,62
37,06	11,66
37,09	11,83
37,11	11,85
37,14	11,88
37,16	11,88
37,19	11,98
37,21	12,04
37,24	12,11
37,26	12,13
37,28	12,13
37,31	12,16
37,33	12,18
37,36	12,28
37,38	12,27
37,41	12,34
37,43	12,25
37,46	12,30
37,48	12,23
37,50	12,33
37,53	12,24
37,55	12,33
37,58	12,13
37,60	12,17
37,63	12,03
37,65	12,16
37,68	12,00
37,70	12,11
37,72	11,85
37,75	11,96
37,77	11,77
37,80	11,91
37,82	11,68
37,85	11,76
37,87	11,42
37,89	11,55
37,92	11,28
37,94	11,37
37,97	11,08
37,99	11,13
38,02	10,83
38,04	10,96
38,07	10,65
38,09	10,74
38,11	10,44
38,14	10,47
38,16	10,18
38,19	10,27
38,21	9,95
38,24	9,99
38,26	9,68
38,29	9,70
38,31	9,44
38,33	9,49
38,36	9,22
38,38	9,22
38,41	8,95
38,43	9,00
38,46	8,81
38,48	8,85
38,51	8,62
38,53	8,57
38,55	8,36
38,58	8,35
38,60	8,13
38,63	8,11
38,65	7,91
38,68	7,84
38,70	7,67
38,73	7,64
38,75	7,54
38,77	7,52
38,80	7,41
38,82	7,33
38,85	7,20
38,87	7,13
38,90	7,09
38,92	7,01
38,94	6,95
38,97	6,81
38,99	6,72
39,02	6,63
39,04	6,67
39,07	6,55
39,09	6,59
39,12	6,41
39,14	6,44
39,16	6,32
39,19	6,41
39,21	6,24
39,24	6,29
39,26	6,04
39,29	6,12
39,31	5,94
39,34	6,08
39,36	5,89
39,38	5,99
39,41	5,75
39,43	5,91
39,46	5,71
39,48	5,91
39,51	5,69
39,53	5,84
39,56	5,62
39,58	5,82
39,60	5,62
39,63	5,84
39,65	5,63
39,68	5,81
39,70	5,59
39,73	5,81
39,75	5,59
39,78	5,77
39,80	5,56
39,82	5,74
39,85	5,55
39,87	5,80
39,90	5,62
39,92	5,84
39,95	5,71
39,97	5,89
39,99	5,79
40,02	6,06
40,04	5,94
40,07	6,12
40,09	6,01
40,12	6,17
40,14	6,14
40,17	6,37
40,19	6,29
40,21	6,44
40,24	6,40
40,26	6,60
40,29	6,65
40,31	6,84
40,34	6,85
40,36	7,01
40,39	7,04
40,41	7,23
40,43	7,32
40,46	7,48
40,48	7,56
40,51	7,67
40,53	7,71
40,56	7,86
40,58	8,01
40,61	8,14
40,63	8,29
40,65	8,36
40,68	8,51
40,70	8,65
40,73	8,89
40,75	9,03
40,78	9,23
40,80	9,26
40,83	9,46
40,85	9,52
40,87	9,80
40,90	9,87
40,92	10,12
40,95	10,14
40,97	10,44
41,00	10,51
41,02	10,91
41,05	10,95
41,07	11,29
41,09	11,30
41,12	11,63
41,14	11,64
41,17	12,00
41,19	11,97
41,22	12,29
41,24	12,22
41,26	12,57
41,29	12,55
41,31	12,91
41,34	12,90
41,36	13,26
41,39	13,22
41,41	13,64
41,44	13,61
41,46	13,98
41,48	14,00
41,51	14,32
41,53	14,28
41,56	14,67
41,58	14,61
41,61	14,92
41,63	14,89
41,66	15,16
41,68	15,19
41,70	15,52
41,73	15,51
41,75	15,79
41,78	15,77
41,80	16,03
41,83	16,11
41,85	16,36
41,88	16,36
41,90	16,53
41,92	16,51
41,95	16,73
41,97	16,79
42,00	16,93
42,02	16,98
42,05	17,08
42,07	17,10
42,10	17,23
42,12	17,29
42,14	17,37
42,17	17,41
42,19	17,40
42,22	17,44
42,24	17,47
42,27	17,54
42,29	17,53
42,31	17,55
42,34	17,46
42,36	17,47
42,39	17,38
42,41	17,48
42,44	17,37
42,46	17,42
42,49	17,25
42,51	17,31
42,53	17,16
42,56	17,29
42,58	17,10
42,61	17,18
42,63	16,93
42,66	16,99
42,68	16,75
42,71	16,84
42,73	16,53
42,75	16,58
42,78	16,21
42,80	16,27
42,83	15,97
42,85	16,04
42,88	15,73
42,90	15,77
42,93	15,42
42,95	15,56
42,97	15,22
43,00	15,25
43,02	14,90
43,05	14,86
43,07	14,50
43,10	14,56
43,12	14,15
43,15	14,15
43,17	13,80
43,19	13,77
43,22	13,49
43,24	13,53
43,27	13,17
43,29	13,15
43,32	12,82
43,34	12,81
43,36	12,55
43,39	12,53
43,41	12,23
43,44	12,14
43,46	11,83
43,49	11,79
43,51	11,52
43,54	11,46
43,56	11,23
43,58	11,14
43,61	10,92
43,63	10,90
43,66	10,73
43,68	10,72
43,71	10,56
43,73	10,42
43,76	10,22
43,78	10,10
43,80	9,99
43,83	9,89
43,85	9,76
43,88	9,59
43,90	9,47
43,93	9,37
43,95	9,38
43,98	9,24
44,00	9,23
44,02	9,03
44,05	8,99
44,07	8,86
44,10	8,90
44,12	8,72
44,15	8,75
44,17	8,49
44,20	8,52
44,22	8,36
44,24	8,45
44,27	8,26
44,29	8,35
44,32	8,09
44,34	8,24
44,37	8,05
44,39	8,21
44,41	8,05
44,44	8,18
44,46	7,92
44,49	8,12
44,51	7,91
44,54	8,10
44,56	7,90
44,59	8,03
44,61	7,81
44,63	8,03
44,66	7,82
44,68	8,03
44,71	7,86
44,73	8,04
44,76	7,89
44,78	8,16
44,81	8,01
44,83	8,22
44,85	8,09
44,88	8,30
44,90	8,22
44,93	8,48
44,95	8,37
44,98	8,55
45,00	8,46
45,03	8,67
45,05	8,65
45,07	8,90
45,10	8,85
45,12	9,05
45,15	9,06
45,17	9,31
45,20	9,37
45,22	9,61
45,25	9,65
45,27	9,85
45,29	9,91
45,32	10,11
45,34	10,23
45,37	10,41
45,39	10,51
45,42	10,65
45,44	10,74
45,47	10,93
45,49	11,14
45,51	11,33
45,54	11,54
45,56	11,68
45,59	11,88
45,61	12,07
45,64	12,35
45,66	12,49
45,68	12,75
45,71	12,83
45,73	13,07
45,76	13,19
45,78	13,52
45,81	13,63
45,83	13,97
45,86	14,03
45,88	14,38
45,90	14,51
45,93	14,92
45,95	15,04
45,98	15,42
46,00	15,43
46,03	15,80
46,05	15,86
46,08	16,27
46,10	16,30
46,12	16,66
46,15	16,67
46,17	17,11
46,20	17,18
46,22	17,64
46,25	17,71
46,27	18,14
46,30	18,17
46,32	18,63
46,34	18,68
46,37	19,09
46,39	19,11
46,42	19,48
46,44	19,45
46,47	19,89
46,49	19,90
46,52	20,26
46,54	20,31
46,56	20,68
46,59	20,73
46,61	21,18
46,64	21,21
46,66	21,54
46,69	21,58
46,71	21,87
46,73	21,93
46,76	22,25
46,78	22,27
46,81	22,50
46,83	22,49
46,86	22,74
46,88	22,85
46,91	23,08
46,93	23,14
46,95	23,31
46,98	23,35
47,00	23,53
47,03	23,63
47,05	23,74
47,08	23,80
47,10	23,83
47,13	23,85
47,15	23,93
47,17	24,03
47,20	24,07
47,22	24,14
47,25	24,06
47,27	24,10
47,30	24,07
47,32	24,14
47,35	24,08
47,37	24,12
47,39	23,96
47,42	24,00
47,44	23,87
47,47	23,98
47,49	23,82
47,52	23,88
47,54	23,61
47,57	23,63
47,59	23,41
47,61	23,50
47,64	23,21
47,66	23,22
47,69	22,87
47,71	22,91
47,74	22,58
47,76	22,65
47,78	22,30
47,81	22,31
47,83	21,92
47,86	21,96
47,88	21,60
47,91	21,61
47,93	21,19
47,96	21,12
47,98	20,69
48,00	20,69
48,03	20,24
48,05	20,15
48,08	19,76
48,10	19,71
48,13	19,35
48,15	19,35
48,18	18,94
48,20	18,87
48,22	18,49
48,25	18,39
48,27	18,03
48,30	17,91
48,32	17,51
48,35	17,37
48,37	16,98
48,40	16,85
48,42	16,56
48,44	16,48
48,47	16,20
48,49	16,08
48,52	15,77
48,54	15,70
48,57	15,46
48,59	15,34
48,62	15,09
48,64	14,90
48,66	14,63
48,69	14,49
48,71	14,29
48,74	14,16
48,76	13,99
48,79	13,74
48,81	13,56
48,84	13,46
48,86	13,27
48,88	13,11
48,91	12,92
48,93	12,81
48,96	12,73
48,98	12,60
49,01	12,41
49,03	12,30
49,05	12,19
49,08	12,10
49,10	11,96
49,13	11,82
49,15	11,70
49,18	11,63
49,20	11,66
49,23	11,58
49,25	11,57
49,27	11,44
49,30	11,42
49,32	11,35
49,35	11,43
49,37	11,30
49,40	11,36
49,42	11,19
49,45	11,26
49,47	11,19
49,49	11,32
49,52	11,20
49,54	11,34
49,57	11,17
49,59	11,32
49,62	11,20
49,64	11,42
49,67	11,34
49,69	11,52
49,71	11,34
49,74	11,60
49,76	11,47
49,79	11,75
49,81	11,63
49,84	11,84
49,86	11,70
49,89	11,99
49,91	11,87
49,93	12,18
49,96	12,07
49,98	12,33
50,01	12,23
50,03	12,59
50,06	12,52
50,08	12,84
50,10	12,80
50,13	13,13
50,15	13,11
50,18	13,50
50,20	13,47
50,23	13,75
50,25	13,74
50,28	14,06
50,30	14,10
50,32	14,46
50,35	14,49
50,37	14,81
50,40	14,89
50,42	15,26
50,45	15,40
50,47	15,77
50,50	15,90
50,52	16,23
50,54	16,33
50,57	16,66
50,59	16,86
50,62	17,16
50,64	17,33
50,67	17,60
50,69	17,77
50,72	18,12
50,74	18,42
50,76	18,75
50,79	19,06
50,81	19,34
50,84	19,61
50,86	19,94
50,89	20,27
50,91	20,52
50,94	20,84
50,96	21,01
50,98	21,30
51,01	21,55
51,03	21,91
51,06	22,20
51,08	22,61
51,11	22,79
51,13	23,24
51,15	23,50
51,18	23,98
51,20	24,20
51,23	24,64
51,25	24,78
51,28	25,20
51,30	25,34
51,33	25,79
51,35	25,91
51,37	26,34
51,40	26,41
51,42	26,87
51,45	27,00
51,47	27,52
51,50	27,64
51,52	28,10
51,55	28,16
51,57	28,64
51,59	28,68
51,62	29,11
51,64	29,12
51,67	29,50
51,69	29,48
51,72	29,92
51,74	29,89
51,77	30,28
51,79	30,29
51,81	30,62
51,84	30,63
51,86	31,02
51,89	31,00
51,91	31,32
51,94	31,29
51,96	31,55
51,99	31,57
52,01	31,85
52,03	31,80
52,06	32,00
52,08	31,91
52,11	32,12
52,13	32,12
52,16	32,30
52,18	32,26
52,20	32,35
52,23	32,28
52,25	32,41
52,28	32,38
52,30	32,45
52,33	32,40
52,35	32,35
52,38	32,26
52,40	32,26
52,42	32,23
52,45	32,18
52,47	32,10
52,50	31,93
52,52	31,82
52,55	31,69
52,57	31,60
52,60	31,40
52,62	31,27
52,64	31,01
52,67	30,90
52,69	30,67
52,72	30,64
52,74	30,37
52,77	30,31
52,79	29,97
52,82	29,85
52,84	29,51
52,86	29,49
52,89	29,08
52,91	28,97
52,94	28,50
52,96	28,40
52,99	28,02
53,01	27,99
53,04	27,54
53,06	27,47
53,08	27,00
53,11	26,97
53,13	26,55
53,16	26,46
53,18	25,94
53,21	25,78
53,23	25,25
53,26	25,19
53,28	24,67
53,30	24,49
53,33	24,03
53,35	23,91
53,38	23,47
53,40	23,45
53,43	22,98
53,45	22,87
53,47	22,48
53,50	22,33
53,52	21,92
53,55	21,80
53,57	21,34
53,60	21,19
53,62	20,77
53,65	20,63
53,67	20,30
53,69	20,22
53,72	19,93
53,74	19,80
53,77	19,48
53,79	19,39
53,82	19,13
53,84	19,04
53,87	18,78
53,89	18,60
53,91	18,33
53,94	18,21
53,96	18,01
53,99	17,93
54,01	17,74
54,04	17,58
54,06	17,41
54,09	17,29
54,11	17,22
54,13	17,13
54,16	17,03
54,18	16,86
54,21	16,74
54,23	16,64
54,26	16,65
54,28	16,51
54,31	16,53
54,33	16,37
54,35	16,38
54,38	16,28
54,40	16,41
54,43	16,28
54,45	16,40
54,48	16,21
54,50	16,31
54,52	16,21
54,55	16,40
54,57	16,28
54,60	16,47
54,62	16,31
54,65	16,53
54,67	16,42
54,70	16,69
54,72	16,57
54,74	16,79
54,77	16,63
54,79	16,91
54,82	16,80
54,84	17,10
54,87	17,02
54,89	17,28
54,92	17,19
54,94	17,56
54,96	17,49
54,99	17,85
55,01	17,82
55,04	18,15
55,06	18,17
55,09	18,56
55,11	18,51
55,14	18,86
55,16	18,85
55,18	19,19
55,21	19,21
55,23	19,59
55,26	19,66
55,28	20,05
55,31	20,12
55,33	20,55
55,36	20,72
55,38	21,17
55,40	21,32
55,43	21,64
55,45	21,76
55,48	22,15
55,50	22,32
55,53	22,71
55,55	22,90
55,57	23,22
55,60	23,48
55,62	23,92
55,65	24,27
55,67	24,69
55,70	25,00
55,72	25,38
55,75	25,71
55,77	26,07
55,79	26,43
55,82	26,75
55,84	27,09
55,87	27,38
55,89	27,70
55,92	28,05
55,94	28,53
55,97	28,86
55,99	29,36
56,01	29,68
56,04	30,11
56,06	30,48
56,09	31,00
56,11	31,34
56,14	31,78
56,16	31,96
56,19	32,43
56,21	32,70
56,23	33,18
56,26	33,44
56,28	33,91
56,31	34,13
56,33	34,66
56,36	34,89
56,38	35,49
56,41	35,70
56,43	36,19
56,45	36,35
56,48	36,88
56,50	37,01
56,53	37,55
56,55	37,65
56,58	38,12
56,60	38,19
56,62	38,67
56,65	38,78
56,67	39,29
56,70	39,36
56,72	39,81
56,75	39,88
56,77	40,37
56,80	40,45
56,82	40,83
56,84	40,85
56,87	41,19
56,89	41,19
56,92	41,57
56,94	41,59
56,97	41,84
56,99	41,84
57,02	42,12
57,04	42,17
57,06	42,48
57,09	42,48
57,11	42,66
57,14	42,63
57,16	42,81
57,19	42,85
57,21	42,99
57,24	42,96
57,26	43,03
57,28	42,97
57,31	43,07
57,33	43,08
57,36	43,10
57,38	43,05
57,41	42,99
57,43	42,87
57,46	42,80
57,48	42,71
57,50	42,60
57,53	42,55
57,55	42,35
57,58	42,23
57,60	42,06
57,63	42,03
57,65	41,86
57,68	41,78
57,70	41,42
57,72	41,28
57,75	40,96
57,77	40,90
57,80	40,55
57,82	40,41
57,85	39,95
57,87	39,87
57,89	39,53
57,92	39,50
57,94	39,05
57,97	38,95
57,99	38,49
58,02	38,42
58,04	37,94
58,07	37,83
58,09	37,32
58,11	37,19
58,14	36,62
58,16	36,48
58,19	35,96
58,21	35,85
58,24	35,32
58,26	35,16
58,29	34,63
58,31	34,56
58,33	34,05
58,36	33,86
58,38	33,35
58,41	33,14
58,43	32,64
58,46	32,51
58,48	31,96
58,51	31,76
58,53	31,30
58,55	31,08
58,58	30,67
58,60	30,53
58,63	30,12
58,65	29,95
58,68	29,54
58,70	29,37
58,73	29,06
58,75	28,90
58,77	28,52
58,80	28,29
58,82	27,92
58,85	27,75
58,87	27,46
58,90	27,27
58,92	27,01
58,94	26,82
58,97	26,56
58,99	26,43
59,02	26,25
59,04	26,11
59,07	25,94
59,09	25,73
59,12	25,56
59,14	25,40
59,16	25,30
59,19	25,16
59,21	25,07
59,24	24,85
59,26	24,77
59,29	24,61
59,31	24,67
59,34	24,53
59,36	24,57
59,38	24,37
59,41	24,44
59,43	24,31
59,46	24,47
59,48	24,30
59,51	24,41
59,53	24,20
59,56	24,36
59,58	24,24
59,60	24,43
59,63	24,28
59,65	24,48
59,68	24,30
59,70	24,56
59,73	24,45
59,75	24,74
59,78	24,67
59,80	24,95
59,82	24,86
59,85	25,24
59,87	25,16
59,90	25,52
59,92	25,48
59,95	25,62
59,97	25,56
59,99	25,69
