Voltage U1	Corriente IA
U1/V	IA/nA

0,02	0,99
0,04	0,99
0,07	0,79
0,09	0,79
0,12	0,60
0,14	0,78
0,17	0,57
0,19	0,74
0,21	0,54
0,24	0,75
0,26	0,55
0,29	0,70
0,31	0,51
0,34	0,67
0,36	0,50
0,39	0,70
0,41	0,50
0,43	0,63
0,46	0,49
0,48	0,61
0,51	0,49
0,53	0,66
0,56	0,50
0,58	0,62
0,61	0,48
0,63	0,58
0,65	0,50
0,68	0,61
0,70	0,49
0,73	0,55
0,75	0,43
0,78	0,53
0,80	0,51
0,83	0,60
0,85	0,53
0,87	0,57
0,90	0,50
0,92	0,58
0,95	0,58
0,97	0,60
1,00	0,60
1,02	0,57
1,05	0,55
1,07	0,58
1,09	0,62
1,12	0,62
1,14	0,68
1,17	0,58
1,19	0,63
1,22	0,58
1,24	0,71
1,26	0,65
1,29	0,74
1,31	0,57
1,34	0,67
1,36	0,57
1,39	0,76
1,41	0,62
1,44	0,75
1,46	0,57
1,48	0,73
1,51	0,59
1,53	0,81
1,56	0,63
1,58	0,79
1,61	0,59
1,63	0,79
1,66	0,63
1,68	0,83
1,70	0,61
1,73	0,78
1,75	0,57
1,78	0,78
1,80	0,58
1,83	0,75
1,85	0,55
1,88	0,70
1,90	0,52
1,92	0,75
1,95	0,55
1,97	0,70
2,00	0,53
2,02	0,68
2,05	0,52
2,07	0,70
2,10	0,47
2,12	0,61
2,14	0,46
2,17	0,58
2,19	0,47
2,22	0,61
2,24	0,46
2,27	0,58
2,29	0,45
2,31	0,54
2,34	0,48
2,36	0,59
2,39	0,51
2,41	0,56
2,44	0,45
2,46	0,54
2,49	0,51
2,51	0,57
2,53	0,55
2,56	0,56
2,58	0,52
2,61	0,57
2,63	0,59
2,66	0,63
2,68	0,66
2,71	0,59
2,73	0,60
2,75	0,58
2,78	0,67
2,80	0,64
2,83	0,72
2,85	0,58
2,88	0,64
2,90	0,57
2,93	0,73
2,95	0,61
2,97	0,73
3,00	0,54
3,02	0,67
3,05	0,57
3,07	0,75
3,10	0,60
3,12	0,79
3,15	0,59
3,17	0,78
3,19	0,64
3,22	0,85
3,24	0,66
3,27	0,85
3,29	0,63
3,32	0,84
3,34	0,65
3,36	0,85
3,39	0,64
3,41	0,81
3,44	0,58
3,46	0,80
3,49	0,59
3,51	0,76
3,54	0,55
3,56	0,70
3,58	0,53
3,61	0,74
3,63	0,52
3,66	0,66
3,68	0,50
3,71	0,63
3,73	0,49
3,76	0,65
3,78	0,46
3,80	0,58
3,83	0,45
3,85	0,56
3,88	0,47
3,90	0,60
3,93	0,49
3,95	0,56
3,98	0,44
4,00	0,56
4,02	0,50
4,05	0,60
4,07	0,53
4,10	0,57
4,12	0,51
4,15	0,59
4,17	0,56
4,20	0,61
4,22	0,59
4,24	0,57
4,27	0,53
4,29	0,54
4,32	0,60
4,34	0,60
4,37	0,64
4,39	0,56
4,42	0,57
4,44	0,53
4,46	0,67
4,49	0,61
4,51	0,70
4,54	0,57
4,56	0,65
4,59	0,59
4,61	0,76
4,63	0,63
4,66	0,76
4,68	0,57
4,71	0,72
4,73	0,61
4,76	0,80
4,78	0,64
4,81	0,81
4,83	0,60
4,85	0,79
4,88	0,63
4,90	0,83
4,93	0,64
4,95	0,81
4,98	0,60
5,00	0,80
5,03	0,61
5,05	0,79
5,07	0,58
5,10	0,73
5,12	0,55
5,15	0,74
5,17	0,54
5,20	0,72
5,22	0,54
5,25	0,70
5,27	0,54
5,29	0,73
5,32	0,53
5,34	0,68
5,37	0,50
5,39	0,63
5,42	0,47
5,44	0,63
5,47	0,49
5,49	0,60
5,51	0,45
5,54	0,56
5,56	0,48
5,59	0,63
5,61	0,54
5,64	0,57
5,66	0,46
5,68	0,54
5,71	0,51
5,73	0,60
5,76	0,54
5,78	0,55
5,81	0,49
5,83	0,56
5,86	0,59
5,88	0,60
5,90	0,61
5,93	0,58
5,95	0,56
5,98	0,57
6,00	0,63
6,03	0,61
6,05	0,69
6,08	0,58
6,10	0,61
6,12	0,57
6,15	0,71
6,17	0,65
6,20	0,77
6,22	0,61
6,25	0,72
6,27	0,63
6,30	0,81
6,32	0,67
6,34	0,82
6,37	0,60
6,39	0,77
6,42	0,63
6,44	0,83
6,47	0,64
6,49	0,81
6,52	0,60
6,54	0,78
6,56	0,61
6,59	0,83
6,61	0,64
6,64	0,81
6,66	0,59
6,69	0,80
6,71	0,61
6,73	0,79
6,76	0,57
6,78	0,72
6,81	0,54
6,83	0,76
6,86	0,55
6,88	0,70
6,91	0,52
6,93	0,68
6,95	0,52
6,98	0,69
7,00	0,49
7,03	0,62
7,05	0,47
7,08	0,59
7,10	0,45
7,13	0,61
7,15	0,47
7,17	0,59
7,20	0,46
7,22	0,55
7,25	0,49
7,27	0,62
7,30	0,52
7,32	0,58
7,35	0,45
7,37	0,54
7,39	0,56
7,42	0,62
7,44	0,57
7,47	0,59
7,49	0,54
7,52	0,60
7,54	0,64
7,57	0,64
7,59	0,67
7,61	0,61
7,64	0,60
7,66	0,62
7,69	0,71
7,71	0,67
7,74	0,76
7,76	0,62
7,78	0,70
7,81	0,64
7,83	0,78
7,86	0,69
7,88	0,80
7,91	0,61
7,93	0,75
7,96	0,64
7,98	0,83
8,00	0,67
8,03	0,82
8,05	0,63
8,08	0,81
8,10	0,65
8,13	0,89
8,15	0,70
8,18	0,89
8,20	0,67
8,22	0,87
8,25	0,68
8,27	0,89
8,30	0,65
8,32	0,82
8,35	0,60
8,37	0,81
8,40	0,61
8,42	0,79
8,44	0,57
8,47	0,73
8,49	0,54
8,52	0,77
8,54	0,56
8,57	0,72
8,59	0,54
8,62	0,68
8,64	0,52
8,66	0,72
8,69	0,52
8,71	0,66
8,74	0,50
8,76	0,62
8,79	0,54
8,81	0,70
8,84	0,57
8,86	0,67
8,88	0,53
8,91	0,64
8,93	0,59
8,96	0,69
8,98	0,62
9,01	0,66
9,03	0,57
9,05	0,67
9,08	0,66
9,10	0,72
9,13	0,72
9,15	0,70
9,18	0,68
9,20	0,71
9,23	0,76
9,25	0,78
9,27	0,82
9,30	0,72
9,32	0,75
9,35	0,70
9,37	0,81
9,40	0,77
9,42	0,86
9,45	0,71
9,47	0,78
9,49	0,71
9,52	0,89
9,54	0,77
9,57	0,91
9,59	0,74
9,62	0,89
9,64	0,78
9,67	0,98
9,69	0,79
9,71	0,97
9,74	0,74
9,76	0,90
9,79	0,72
9,81	0,94
9,84	0,74
9,86	0,93
9,89	0,69
9,91	0,91
9,93	0,71
9,96	0,91
9,98	0,73
10,01	0,89
10,03	0,67
10,06	0,91
10,08	0,67
10,10	0,87
10,13	0,66
10,15	0,80
10,18	0,61
10,20	0,84
10,23	0,61
10,25	0,79
10,28	0,60
10,30	0,76
10,32	0,65
10,35	0,84
10,37	0,67
10,40	0,82
10,42	0,64
10,45	0,78
10,47	0,67
10,50	0,79
10,52	0,69
10,54	0,74
10,57	0,61
10,59	0,73
10,62	0,70
10,64	0,81
10,67	0,74
10,69	0,76
10,72	0,74
10,74	0,82
10,76	0,83
10,79	0,87
10,81	0,83
10,84	0,81
10,86	0,77
10,89	0,77
10,91	0,84
10,94	0,83
10,96	0,87
10,98	0,81
11,01	0,84
11,03	0,81
11,06	0,96
11,08	0,89
11,11	0,99
11,13	0,85
11,15	0,93
11,18	0,85
11,20	1,02
11,23	0,86
11,25	1,02
11,28	0,81
11,30	0,97
11,33	0,83
11,35	1,04
11,37	0,87
11,40	1,04
11,42	0,80
11,45	1,03
11,47	0,86
11,50	1,09
11,52	0,89
11,55	1,05
11,57	0,81
11,59	1,04
11,62	0,81
11,64	1,00
11,67	0,78
11,69	0,94
11,72	0,75
11,74	1,00
11,77	0,78
11,79	0,96
11,81	0,77
11,84	0,95
11,86	0,78
11,89	0,99
11,91	0,77
11,94	0,94
11,96	0,75
11,99	0,91
12,01	0,75
12,03	0,94
12,06	0,78
12,08	0,91
12,11	0,76
12,13	0,90
12,16	0,82
12,18	1,00
12,21	0,90
12,23	0,96
12,25	0,85
12,28	0,95
12,30	0,92
12,33	1,00
12,35	0,92
12,38	0,94
12,40	0,88
12,42	0,95
12,45	1,00
12,47	1,04
12,50	1,06
12,52	1,03
12,55	1,03
12,57	1,05
12,60	1,13
12,62	1,10
12,64	1,16
12,67	1,06
12,69	1,10
12,72	1,06
12,74	1,19
12,77	1,11
12,79	1,23
12,82	1,07
12,84	1,18
12,86	1,09
12,89	1,27
12,91	1,17
12,94	1,31
12,96	1,10
12,99	1,27
13,01	1,11
13,04	1,32
13,06	1,14
13,08	1,30
13,11	1,07
13,13	1,28
13,16	1,09
13,18	1,34
13,21	1,14
13,23	1,31
13,26	1,07
13,28	1,31
13,30	1,09
13,33	1,30
13,35	1,06
13,38	1,23
13,40	1,01
13,43	1,25
13,45	1,03
13,47	1,20
13,50	1,01
13,52	1,19
13,55	1,02
13,57	1,25
13,60	1,05
13,62	1,20
13,65	1,04
13,67	1,19
13,69	1,06
13,72	1,24
13,74	1,09
13,77	1,19
13,79	1,05
13,82	1,17
13,84	1,10
13,87	1,22
13,89	1,11
13,91	1,18
13,94	1,08
13,96	1,18
13,99	1,17
14,01	1,24
14,04	1,21
14,06	1,22
14,09	1,17
14,11	1,22
14,13	1,24
14,16	1,27
14,18	1,29
14,21	1,21
14,23	1,21
14,26	1,20
14,28	1,25
14,31	1,23
14,33	1,31
14,35	1,17
14,38	1,27
14,40	1,21
14,43	1,35
14,45	1,30
14,48	1,41
14,50	1,23
14,52	1,34
14,55	1,22
14,57	1,42
14,60	1,26
14,62	1,41
14,65	1,22
14,67	1,39
14,70	1,23
14,72	1,45
14,74	1,25
14,77	1,44
14,79	1,21
14,82	1,41
14,84	1,22
14,87	1,44
14,89	1,23
14,92	1,41
14,94	1,14
14,96	1,37
14,99	1,15
15,01	1,32
15,04	1,11
15,06	1,28
15,09	1,05
15,11	1,32
15,14	1,09
15,16	1,26
15,18	1,09
15,21	1,24
15,23	1,07
15,26	1,29
15,28	1,09
15,31	1,24
15,33	1,04
15,36	1,18
15,38	1,08
15,40	1,25
15,43	1,12
15,45	1,22
15,48	1,07
15,50	1,22
15,53	1,15
15,55	1,27
15,57	1,17
15,60	1,22
15,62	1,12
15,65	1,24
15,67	1,21
15,70	1,28
15,72	1,24
15,75	1,24
15,77	1,21
15,79	1,25
15,82	1,28
15,84	1,31
15,87	1,33
15,89	1,28
15,92	1,28
15,94	1,27
15,97	1,37
15,99	1,34
16,01	1,44
16,04	1,32
16,06	1,35
16,09	1,28
16,11	1,45
16,14	1,37
16,16	1,49
16,19	1,29
16,21	1,42
16,23	1,34
16,26	1,55
16,28	1,39
16,31	1,54
16,33	1,34
16,36	1,53
16,38	1,39
16,41	1,61
16,43	1,42
16,45	1,60
16,48	1,36
16,50	1,59
16,53	1,41
16,55	1,62
16,58	1,43
16,60	1,61
16,63	1,39
16,65	1,65
16,67	1,42
16,70	1,61
16,72	1,41
16,75	1,58
16,77	1,38
16,80	1,61
16,82	1,39
16,84	1,59
16,87	1,43
16,89	1,59
16,92	1,45
16,94	1,68
16,97	1,53
16,99	1,70
17,02	1,53
17,04	1,68
17,06	1,58
17,09	1,75
17,11	1,65
17,14	1,74
17,16	1,61
17,19	1,75
17,21	1,69
17,24	1,82
17,26	1,77
17,28	1,80
17,31	1,72
17,33	1,84
17,36	1,83
17,38	1,91
17,41	1,88
17,43	1,87
17,46	1,85
17,48	1,90
17,50	1,95
17,53	1,95
17,55	2,02
17,58	1,97
17,60	1,99
17,63	1,99
17,65	2,10
17,68	2,08
17,70	2,19
17,72	2,04
17,75	2,11
17,77	2,05
17,80	2,22
17,82	2,13
17,85	2,28
17,87	2,09
17,89	2,24
17,92	2,14
17,94	2,34
17,97	2,20
17,99	2,35
18,02	2,12
18,04	2,34
18,07	2,15
18,09	2,37
18,11	2,18
18,14	2,37
18,16	2,13
18,19	2,35
18,21	2,12
18,24	2,36
18,26	2,13
18,29	2,30
18,31	2,06
18,33	2,29
18,36	2,07
18,38	2,27
18,41	2,04
18,43	2,21
18,46	2,01
18,48	2,25
18,51	2,02
18,53	2,20
18,55	2,01
18,58	2,20
18,60	2,04
18,63	2,25
18,65	2,07
18,68	2,22
18,70	2,04
18,73	2,19
18,75	2,06
18,77	2,22
18,80	2,08
18,82	2,14
18,85	1,99
18,87	2,10
18,90	2,03
18,92	2,13
18,94	2,04
18,97	2,08
18,99	1,98
19,02	2,07
19,04	2,07
19,07	2,12
19,09	2,09
19,12	2,05
19,14	2,01
19,16	2,04
19,19	2,10
19,21	2,09
19,24	2,14
19,26	2,06
19,29	2,08
19,31	2,07
19,34	2,17
19,36	2,11
19,38	2,20
19,41	2,02
19,43	2,11
19,46	2,01
19,48	2,14
19,51	2,03
19,53	2,13
19,56	1,92
19,58	2,06
19,60	1,92
19,63	2,12
19,65	1,95
19,68	2,09
19,70	1,87
19,73	2,07
19,75	1,88
19,78	2,11
19,80	1,91
19,82	2,09
19,85	1,85
19,87	2,08
19,90	1,85
19,92	2,06
19,95	1,80
19,97	1,97
19,99	1,72
20,02	1,96
20,04	1,74
20,07	1,92
20,09	1,70
20,12	1,88
20,14	1,68
20,17	1,93
20,19	1,71
20,21	1,87
20,24	1,70
20,26	1,85
20,29	1,69
20,31	1,89
20,34	1,69
20,36	1,82
20,39	1,63
20,41	1,76
20,43	1,67
20,46	1,83
20,48	1,72
20,51	1,82
20,53	1,68
20,56	1,82
20,58	1,79
20,61	1,89
20,63	1,82
20,65	1,85
20,68	1,78
20,70	1,88
20,73	1,87
20,75	1,93
20,78	1,94
20,80	1,93
20,83	1,90
20,85	1,92
20,87	1,99
20,90	2,03
20,92	2,08
20,95	2,01
20,97	2,05
21,00	2,03
21,02	2,16
21,05	2,13
21,07	2,25
21,09	2,12
21,12	2,20
21,14	2,14
21,17	2,34
21,19	2,25
21,22	2,41
21,24	2,23
21,26	2,40
21,29	2,31
21,31	2,52
21,34	2,37
21,36	2,56
21,39	2,36
21,41	2,57
21,44	2,43
21,46	2,68
21,48	2,52
21,51	2,76
21,53	2,55
21,56	2,81
21,58	2,62
21,61	2,84
21,63	2,67
21,66	2,86
21,68	2,63
21,70	2,91
21,73	2,69
21,75	2,91
21,78	2,75
21,80	2,93
21,83	2,76
21,85	3,03
21,88	2,83
21,90	3,06
21,92	2,91
21,95	3,10
21,97	3,01
22,00	3,24
22,02	3,11
22,05	3,29
22,07	3,13
22,10	3,30
22,12	3,23
22,14	3,39
22,17	3,30
22,19	3,39
22,22	3,27
22,24	3,45
22,27	3,42
22,29	3,54
22,31	3,50
22,34	3,55
22,36	3,54
22,39	3,65
22,41	3,64
22,44	3,71
22,46	3,71
22,49	3,70
22,51	3,69
22,53	3,71
22,56	3,79
22,58	3,80
22,61	3,85
22,63	3,80
22,66	3,84
22,68	3,81
22,71	3,97
22,73	3,91
22,75	4,02
22,78	3,90
22,80	3,98
22,83	3,90
22,85	4,08
22,88	3,93
22,90	4,07
22,93	3,87
22,95	3,99
22,97	3,86
23,00	4,07
23,02	3,90
23,05	4,06
23,07	3,82
23,10	4,04
23,12	3,86
23,15	4,08
23,17	3,86
23,19	4,01
23,22	3,75
23,24	3,97
23,27	3,70
23,29	3,91
23,32	3,66
23,34	3,81
23,36	3,58
23,39	3,82
23,41	3,56
23,44	3,77
23,46	3,52
23,49	3,68
23,51	3,47
23,54	3,68
23,56	3,42
23,58	3,58
23,61	3,34
23,63	3,50
23,66	3,30
23,68	3,48
23,71	3,28
23,73	3,39
23,76	3,19
23,78	3,32
23,80	3,18
23,83	3,35
23,85	3,22
23,88	3,27
23,90	3,12
23,93	3,21
23,95	3,13
23,98	3,20
24,00	3,09
24,02	3,09
24,05	2,98
24,07	3,04
24,10	3,03
24,12	3,06
24,15	3,03
24,17	3,01
24,20	2,95
24,22	2,97
24,24	2,99
24,27	2,97
24,29	2,99
24,32	2,88
24,34	2,85
24,37	2,81
24,39	2,90
24,42	2,83
24,44	2,93
24,46	2,76
24,49	2,85
24,51	2,76
24,54	2,90
24,56	2,78
24,59	2,88
24,61	2,66
24,63	2,80
24,66	2,61
24,68	2,81
24,71	2,62
24,73	2,76
24,76	2,53
24,78	2,71
24,81	2,51
24,83	2,76
24,85	2,55
24,88	2,73
24,90	2,49
24,93	2,72
24,95	2,50
24,98	2,72
25,00	2,49
25,03	2,66
25,05	2,42
25,07	2,66
25,10	2,43
25,12	2,61
25,15	2,41
25,17	2,58
25,20	2,39
25,22	2,65
25,25	2,45
25,27	2,64
25,29	2,49
25,32	2,65
25,34	2,51
25,37	2,72
25,39	2,53
25,42	2,67
25,44	2,51
25,47	2,65
25,49	2,57
25,51	2,74
25,54	2,63
25,56	2,75
25,59	2,65
25,61	2,80
25,64	2,79
25,66	2,91
25,68	2,88
25,71	2,95
25,73	2,91
25,76	3,03
25,78	3,06
25,81	3,13
25,83	3,17
25,86	3,17
25,88	3,18
25,90	3,24
25,93	3,34
25,95	3,40
25,98	3,50
26,00	3,46
26,03	3,58
26,05	3,60
26,08	3,78
26,10	3,79
26,12	3,90
26,15	3,80
26,17	3,92
26,20	3,87
26,22	4,09
26,25	4,00
26,27	4,18
26,30	4,07
26,32	4,29
26,34	4,24
26,37	4,50
26,39	4,40
26,42	4,64
26,44	4,50
26,47	4,75
26,49	4,62
26,52	4,91
26,54	4,79
26,56	5,03
26,59	4,83
26,61	5,11
26,64	4,96
26,66	5,25
26,69	5,10
26,71	5,33
26,73	5,15
26,76	5,51
26,78	5,35
26,81	5,59
26,83	5,44
26,86	5,63
26,88	5,49
26,91	5,78
26,93	5,59
26,95	5,81
26,98	5,65
27,00	5,86
27,03	5,79
27,05	6,04
27,08	5,93
27,10	6,11
27,13	5,99
27,15	6,19
27,17	6,14
27,20	6,33
27,22	6,26
27,25	6,35
27,27	6,24
27,30	6,41
27,32	6,37
27,35	6,48
27,37	6,44
27,39	6,49
27,42	6,46
27,44	6,55
27,47	6,55
27,49	6,65
27,52	6,65
27,54	6,61
27,57	6,59
27,59	6,59
27,61	6,66
27,64	6,65
27,66	6,69
27,69	6,59
27,71	6,59
27,74	6,53
27,76	6,67
27,78	6,59
27,81	6,68
27,83	6,48
27,86	6,56
27,88	6,48
27,91	6,65
27,93	6,47
27,96	6,58
27,98	6,34
28,00	6,48
28,03	6,31
28,05	6,45
28,08	6,22
28,10	6,35
28,13	6,07
28,15	6,23
28,18	6,00
28,20	6,17
28,22	5,94
28,25	6,08
28,27	5,79
28,30	5,98
28,32	5,71
28,35	5,84
28,37	5,58
28,40	5,68
28,42	5,41
28,44	5,59
28,47	5,30
28,49	5,44
28,52	5,19
28,54	5,29
28,57	5,05
28,59	5,23
28,62	4,98
28,64	5,08
28,66	4,84
28,69	4,95
28,71	4,76
28,74	4,89
28,76	4,69
28,79	4,73
28,81	4,52
28,84	4,60
28,86	4,46
28,88	4,55
28,91	4,39
28,93	4,38
28,96	4,24
28,98	4,31
29,01	4,23
29,03	4,28
29,05	4,20
29,08	4,16
29,10	4,06
29,13	4,09
29,15	4,05
29,18	4,03
29,20	3,97
29,23	3,90
29,25	3,83
29,27	3,81
29,30	3,85
29,32	3,82
29,35	3,87
29,37	3,75
29,40	3,76
29,42	3,71
29,45	3,85
29,47	3,75
29,49	3,88
29,52	3,66
29,54	3,75
29,57	3,62
29,59	3,79
29,62	3,63
29,64	3,77
29,67	3,51
29,69	3,71
29,71	3,55
29,74	3,78
29,76	3,60
29,79	3,78
29,81	3,53
29,84	3,75
29,86	3,56
29,89	3,81
29,91	3,58
29,93	3,77
29,96	3,54
29,98	3,80
30,01	3,59
30,03	3,83
30,06	3,61
30,08	3,83
30,10	3,61
30,13	3,88
30,15	3,66
30,18	3,88
30,20	3,70
30,23	3,92
30,25	3,76
30,28	4,05
30,30	3,85
30,32	4,05
30,35	3,90
30,37	4,11
30,40	3,99
30,42	4,24
30,45	4,09
30,47	4,28
30,50	4,18
30,52	4,37
30,54	4,34
30,57	4,55
30,59	4,51
30,62	4,66
30,64	4,60
30,67	4,78
30,69	4,82
30,72	4,97
30,74	4,99
30,76	5,07
30,79	5,06
30,81	5,23
30,84	5,32
30,86	5,44
30,89	5,54
30,91	5,60
30,94	5,68
30,96	5,82
30,98	5,99
31,01	6,07
31,03	6,21
31,06	6,22
31,08	6,35
31,11	6,41
31,13	6,63
31,15	6,68
31,18	6,89
31,20	6,85
31,23	7,06
31,25	7,09
31,28	7,38
31,30	7,37
31,33	7,62
31,35	7,55
31,37	7,79
31,40	7,76
31,42	8,07
31,45	8,00
31,47	8,27
31,50	8,15
31,52	8,48
31,55	8,44
31,57	8,78
31,59	8,68
31,62	9,00
31,64	8,86
31,67	9,20
31,69	9,08
31,72	9,38
31,74	9,24
31,77	9,51
31,79	9,35
31,81	9,69
31,84	9,53
31,86	9,78
31,89	9,66
31,91	9,90
31,94	9,77
31,96	10,08
31,99	9,93
32,01	10,17
32,03	10,04
32,06	10,26
32,08	10,16
32,11	10,40
32,13	10,27
32,16	10,45
32,18	10,30
32,20	10,50
32,23	10,44
32,25	10,62
32,28	10,55
32,30	10,64
32,33	10,50
32,35	10,64
32,38	10,60
32,40	10,68
32,42	10,64
32,45	10,65
32,47	10,58
32,50	10,66
32,52	10,63
32,55	10,65
32,57	10,61
32,60	10,52
32,62	10,46
32,64	10,42
32,67	10,42
32,69	10,37
32,72	10,35
32,74	10,20
32,77	10,17
32,79	10,06
32,82	10,13
32,84	9,99
32,86	10,03
32,89	9,82
32,91	9,85
32,94	9,67
32,96	9,76
32,99	9,54
33,01	9,59
33,04	9,29
33,06	9,34
33,08	9,10
33,11	9,23
33,13	8,97
33,16	9,08
33,18	8,76
33,21	8,88
33,23	8,62
33,26	8,76
33,28	8,46
33,30	8,54
33,33	8,17
33,35	8,29
33,38	7,95
33,40	8,04
33,43	7,71
33,45	7,79
33,47	7,47
33,50	7,62
33,52	7,31
33,55	7,42
33,57	7,13
33,60	7,19
33,62	6,93
33,65	7,06
33,67	6,76
33,69	6,81
33,72	6,52
33,74	6,59
33,77	6,36
33,79	6,45
33,82	6,22
33,84	6,27
33,87	6,04
33,89	6,12
33,91	5,98
33,94	6,06
33,96	5,87
33,99	5,84
34,01	5,66
34,04	5,72
34,06	5,60
34,09	5,63
34,11	5,50
34,13	5,48
34,16	5,36
34,18	5,39
34,21	5,35
34,23	5,35
34,26	5,28
34,28	5,24
34,31	5,20
34,33	5,18
34,35	5,22
34,38	5,19
34,40	5,22
34,43	5,13
34,45	5,13
34,48	5,08
34,50	5,20
34,52	5,12
34,55	5,22
34,57	5,06
34,60	5,14
34,62	5,09
34,65	5,27
34,67	5,15
34,70	5,29
34,72	5,10
34,74	5,29
34,77	5,19
34,79	5,39
34,82	5,24
34,84	5,41
34,87	5,23
34,89	5,47
34,92	5,31
34,94	5,56
34,96	5,41
34,99	5,64
35,01	5,48
35,04	5,75
35,06	5,58
35,09	5,88
35,11	5,73
35,14	5,97
35,16	5,80
35,18	6,10
35,21	5,93
35,23	6,20
35,26	6,04
35,28	6,28
35,31	6,15
35,33	6,47
35,36	6,36
35,38	6,64
35,40	6,56
35,43	6,82
35,45	6,77
35,48	7,10
35,50	7,03
35,53	7,27
35,55	7,20
35,57	7,44
35,60	7,44
35,62	7,71
35,65	7,70
35,67	7,90
35,70	7,88
35,72	8,14
35,75	8,25
35,77	8,50
35,79	8,56
35,82	8,78
35,84	8,86
35,87	9,11
35,89	9,23
35,92	9,43
35,94	9,55
35,97	9,70
35,99	9,78
36,01	9,98
36,04	10,16
36,06	10,36
36,09	10,60
36,11	10,72
36,14	10,92
36,16	11,09
36,19	11,36
36,21	11,54
36,23	11,79
36,26	11,78
36,28	12,01
36,31	12,07
36,33	12,39
36,36	12,45
36,38	12,71
36,41	12,72
36,43	13,07
36,45	13,14
36,48	13,54
36,50	13,55
36,53	13,87
36,55	13,87
36,58	14,19
36,60	14,13
36,62	14,49
36,65	14,44
36,67	14,76
36,70	14,66
36,72	14,96
36,75	14,87
36,77	15,22
36,80	15,12
36,82	15,41
36,84	15,26
36,87	15,60
36,89	15,47
36,92	15,76
36,94	15,65
36,97	15,88
36,99	15,73
37,02	16,06
37,04	15,87
37,06	16,10
37,09	15,95
37,11	16,15
37,14	16,04
37,16	16,27
37,19	16,10
37,21	16,28
37,24	16,12
37,26	16,26
37,28	16,16
37,31	16,31
37,33	16,16
37,36	16,22
37,38	16,03
37,41	16,13
37,43	16,03
37,46	16,05
37,48	15,91
37,50	15,88
37,53	15,72
37,55	15,73
37,58	15,62
37,60	15,58
37,63	15,45
37,65	15,34
37,68	15,23
37,70	15,17
37,72	15,10
37,75	15,00
37,77	14,89
37,80	14,70
37,82	14,57
37,85	14,38
37,87	14,33
37,89	14,13
37,92	14,08
37,94	13,81
37,97	13,71
37,99	13,51
38,02	13,56
38,04	13,31
38,07	13,29
38,09	12,94
38,11	12,93
38,14	12,66
38,16	12,69
38,19	12,34
38,21	12,35
38,24	11,95
38,26	11,98
38,29	11,63
38,31	11,69
38,33	11,34
38,36	11,37
38,38	10,97
38,41	11,08
38,43	10,71
38,46	10,80
38,48	10,44
38,51	10,43
38,53	10,05
38,55	10,15
38,58	9,75
38,60	9,79
38,63	9,43
38,65	9,44
38,68	9,17
38,70	9,27
38,73	8,92
38,75	9,00
38,77	8,72
38,80	8,77
38,82	8,52
38,85	8,59
38,87	8,31
38,90	8,35
38,92	8,06
38,94	8,11
38,97	7,90
38,99	7,97
39,02	7,76
39,04	7,76
39,07	7,56
39,09	7,63
39,12	7,50
39,14	7,59
39,16	7,45
39,19	7,45
39,21	7,32
39,24	7,35
39,26	7,29
39,29	7,32
39,31	7,24
39,34	7,22
39,36	7,15
39,38	7,17
39,41	7,21
39,43	7,21
39,46	7,22
39,48	7,19
39,51	7,19
39,53	7,20
39,56	7,30
39,58	7,29
39,60	7,42
39,63	7,34
39,65	7,39
39,68	7,38
39,70	7,54
39,73	7,49
39,75	7,65
39,78	7,50
39,80	7,69
39,82	7,65
39,85	7,90
39,87	7,86
39,90	8,08
39,92	7,95
39,95	8,22
39,97	8,11
39,99	8,42
40,02	8,35
40,04	8,61
40,07	8,48
40,09	8,77
40,12	8,66
40,14	9,03
40,17	8,94
40,19	9,22
40,21	9,09
40,24	9,45
40,26	9,37
40,29	9,73
40,31	9,64
40,34	9,97
40,36	9,90
40,39	10,31
40,41	10,26
40,43	10,60
40,46	10,55
40,48	10,89
40,51	10,85
40,53	11,25
40,56	11,21
40,58	11,55
40,61	11,58
40,63	11,93
40,65	12,00
40,68	12,41
40,70	12,47
40,73	12,79
40,75	12,84
40,78	13,16
40,80	13,29
40,83	13,63
40,85	13,72
40,87	14,00
40,90	14,10
40,92	14,44
40,95	14,67
40,97	15,00
41,00	15,20
41,02	15,47
41,05	15,67
41,07	15,99
41,09	16,27
41,12	16,51
41,14	16,75
41,17	16,91
41,19	17,12
41,22	17,34
41,24	17,64
41,26	17,84
41,29	18,14
41,31	18,26
41,34	18,59
41,36	18,76
41,39	19,14
41,41	19,31
41,44	19,63
41,46	19,73
41,48	20,02
41,51	20,10
41,53	20,49
41,56	20,53
41,58	20,84
41,61	20,85
41,63	21,17
41,66	21,24
41,68	21,63
41,70	21,63
41,73	21,99
41,75	21,93
41,78	22,27
41,80	22,22
41,83	22,56
41,85	22,46
41,88	22,74
41,90	22,56
41,92	22,88
41,95	22,71
41,97	22,97
42,00	22,82
42,02	23,03
42,05	22,85
42,07	23,18
42,10	22,97
42,12	23,18
42,14	23,00
42,17	23,15
42,19	22,99
42,22	23,18
42,24	22,92
42,27	23,03
42,29	22,79
42,31	22,88
42,34	22,69
42,36	22,78
42,39	22,55
42,41	22,57
42,44	22,32
42,46	22,36
42,49	22,16
42,51	22,15
42,53	21,97
42,56	21,90
42,58	21,67
42,61	21,65
42,63	21,44
42,66	21,37
42,68	21,16
42,71	20,98
42,73	20,75
42,75	20,60
42,78	20,42
42,80	20,28
42,83	20,08
42,85	19,83
42,88	19,62
42,90	19,42
42,93	19,28
42,95	19,07
42,97	18,93
43,00	18,63
43,02	18,46
43,05	18,16
43,07	18,10
43,10	17,79
43,12	17,65
43,15	17,25
43,17	17,12
43,19	16,80
43,22	16,79
43,24	16,40
43,27	16,35
43,29	15,95
43,32	15,91
43,34	15,56
43,36	15,56
43,39	15,14
43,41	15,10
43,44	14,63
43,46	14,65
43,49	14,24
43,51	14,23
43,54	13,82
43,56	13,81
43,58	13,41
43,61	13,49
43,63	13,08
43,66	13,11
43,68	12,74
43,71	12,75
43,73	12,38
43,76	12,43
43,78	12,03
43,80	12,04
43,83	11,72
43,85	11,75
43,88	11,45
43,90	11,54
43,93	11,25
43,95	11,31
43,98	11,04
44,00	11,10
44,02	10,88
44,05	10,96
44,07	10,74
44,10	10,78
44,12	10,54
44,15	10,60
44,17	10,45
44,20	10,56
44,22	10,40
44,24	10,41
44,27	10,26
44,29	10,35
44,32	10,29
44,34	10,36
44,37	10,26
44,39	10,29
44,41	10,23
44,44	10,31
44,46	10,35
44,49	10,39
44,51	10,42
44,54	10,46
44,56	10,48
44,59	10,52
44,61	10,62
44,63	10,65
44,66	10,78
44,68	10,76
44,71	10,83
44,73	10,87
44,76	11,08
44,78	11,13
44,81	11,36
44,83	11,32
44,85	11,52
44,88	11,57
44,90	11,87
44,93	11,89
44,95	12,15
44,98	12,05
45,00	12,36
45,03	12,37
45,05	12,69
45,07	12,68
45,10	12,99
45,12	12,93
45,15	13,32
45,17	13,31
45,20	13,74
45,22	13,75
45,25	14,13
45,27	14,11
45,29	14,56
45,32	14,52
45,34	14,95
45,37	14,91
45,39	15,30
45,42	15,28
45,44	15,72
45,47	15,70
45,49	16,16
45,51	16,19
45,54	16,66
45,56	16,72
45,59	17,24
45,61	17,31
45,64	17,82
45,66	17,89
45,68	18,33
45,71	18,39
45,73	18,90
45,76	18,97
45,78	19,37
45,81	19,43
45,83	19,88
45,86	20,09
45,88	20,58
45,90	20,77
45,93	21,19
45,95	21,34
45,98	21,81
46,00	22,04
46,03	22,44
46,05	22,63
46,08	22,95
46,10	23,16
46,12	23,58
46,15	23,85
46,17	24,25
46,20	24,55
46,22	24,88
46,25	25,16
46,27	25,56
46,30	25,93
46,32	26,28
46,34	26,63
46,37	26,84
46,39	27,14
46,42	27,41
46,44	27,74
46,47	27,97
46,49	28,28
46,52	28,38
46,54	28,73
46,56	28,89
46,59	29,29
46,61	29,42
46,64	29,76
46,66	29,82
46,69	30,15
46,71	30,23
46,73	30,63
46,76	30,64
46,78	30,96
46,81	30,91
46,83	31,23
46,86	31,22
46,88	31,58
46,91	31,51
46,93	31,83
46,95	31,72
46,98	32,04
47,00	31,94
47,03	32,23
47,05	32,08
47,08	32,30
47,10	32,08
47,13	32,33
47,15	32,10
47,17	32,26
47,20	32,04
47,22	32,17
47,25	31,92
47,27	32,11
47,30	31,83
47,32	31,94
47,35	31,68
47,37	31,72
47,39	31,48
47,42	31,59
47,44	31,28
47,47	31,31
47,49	31,01
47,52	31,01
47,54	30,76
47,57	30,71
47,59	30,40
47,61	30,28
47,64	29,92
47,66	29,82
47,69	29,51
47,71	29,37
47,74	29,07
47,76	28,87
47,78	28,58
47,81	28,44
47,83	28,19
47,86	28,02
47,88	27,76
47,91	27,49
47,93	27,16
47,96	26,86
47,98	26,58
48,00	26,28
48,03	25,98
48,05	25,59
48,08	25,27
48,10	24,95
48,13	24,80
48,15	24,48
48,18	24,32
48,20	23,92
48,22	23,70
48,25	23,35
48,27	23,22
48,30	22,80
48,32	22,61
48,35	22,07
48,37	21,88
48,40	21,48
48,42	21,38
48,44	20,95
48,47	20,88
48,49	20,42
48,52	20,40
48,54	19,98
48,57	19,98
48,59	19,56
48,62	19,48
48,64	18,95
48,66	18,94
48,69	18,47
48,71	18,47
48,74	18,00
48,76	17,94
48,79	17,50
48,81	17,55
48,84	17,15
48,86	17,19
48,88	16,82
48,91	16,91
48,93	16,60
48,96	16,72
48,98	16,34
49,01	16,41
49,03	16,07
49,05	16,18
49,08	15,84
49,10	15,91
49,13	15,57
49,15	15,74
49,18	15,47
49,20	15,61
49,23	15,32
49,25	15,46
49,27	15,22
49,30	15,43
49,32	15,18
49,35	15,32
49,37	15,13
49,40	15,30
49,42	15,12
49,45	15,36
49,47	15,19
49,49	15,37
49,52	15,23
49,54	15,42
49,57	15,34
49,59	15,60
49,62	15,50
49,64	15,68
49,67	15,60
49,69	15,84
49,71	15,88
49,74	16,13
49,76	16,14
49,79	16,35
49,81	16,37
49,84	16,62
49,86	16,74
49,89	16,97
49,91	17,09
49,93	17,27
49,96	17,38
49,98	17,65
50,01	17,88
50,03	18,12
50,06	18,36
50,08	18,54
50,10	18,77
50,13	19,03
50,15	19,34
50,18	19,57
50,20	19,86
50,23	19,99
50,25	20,27
50,28	20,47
50,30	20,83
50,32	21,04
50,35	21,39
50,37	21,54
50,40	21,94
50,42	22,19
50,45	22,69
50,47	22,90
50,50	23,36
50,52	23,57
50,54	24,01
50,57	24,20
50,59	24,70
50,62	24,85
50,64	25,37
50,67	25,49
50,69	26,00
50,72	26,22
50,74	26,85
50,76	27,07
50,79	27,70
50,81	27,84
50,84	28,45
50,86	28,63
50,89	29,21
50,91	29,36
50,94	29,88
50,96	29,95
50,98	30,59
51,01	30,72
51,03	31,30
51,06	31,53
51,08	32,11
51,11	32,34
51,13	33,04
51,15	33,24
51,18	33,90
51,20	34,09
51,23	34,65
51,25	34,89
51,28	35,47
51,30	35,66
51,33	36,16
51,35	36,31
51,37	36,83
51,40	37,09
51,42	37,61
51,45	37,87
51,47	38,29
51,50	38,51
51,52	39,00
51,55	39,31
51,57	39,73
51,59	39,95
51,62	40,23
51,64	40,46
51,67	40,79
51,69	41,03
51,72	41,31
51,74	41,50
51,77	41,72
51,79	41,93
51,81	42,14
51,84	42,39
51,86	42,57
51,89	42,80
51,91	42,90
51,94	43,04
51,96	43,13
51,99	43,40
52,01	43,45
52,03	43,65
52,06	43,56
52,08	43,68
52,11	43,65
52,13	43,88
52,16	43,75
52,18	43,89
52,20	43,68
52,23	43,79
52,25	43,65
52,28	43,78
52,30	43,51
52,33	43,58
52,35	43,25
52,38	43,33
52,40	43,07
52,42	43,13
52,45	42,81
52,47	42,81
52,50	42,42
52,52	42,45
52,55	42,04
52,57	42,00
52,60	41,54
52,62	41,43
52,64	41,03
52,67	41,07
52,69	40,61
52,72	40,54
52,74	40,08
52,77	39,95
52,79	39,53
52,82	39,42
52,84	38,84
52,86	38,67
52,89	38,12
52,91	37,96
52,94	37,50
52,96	37,33
52,99	36,88
53,01	36,69
53,04	36,18
53,06	36,00
53,08	35,56
53,11	35,35
53,13	34,86
53,16	34,52
53,18	34,00
53,21	33,71
53,23	33,26
53,26	32,97
53,28	32,52
53,30	32,19
53,33	31,79
53,35	31,54
53,38	31,26
53,40	30,99
53,43	30,67
53,45	30,35
53,47	30,02
53,50	29,65
53,52	29,39
53,55	29,05
53,57	28,76
53,60	28,30
53,62	27,99
53,65	27,63
53,67	27,50
53,69	27,17
53,72	27,07
53,74	26,62
53,77	26,50
53,79	26,16
53,82	26,15
53,84	25,78
53,87	25,67
53,89	25,14
53,91	25,16
53,94	24,79
53,96	24,85
53,99	24,45
54,01	24,43
54,04	24,02
54,06	24,13
54,09	23,75
54,11	23,93
54,13	23,56
54,16	23,69
54,18	23,35
54,21	23,55
54,23	23,19
54,26	23,38
54,28	23,02
54,31	23,19
54,33	22,86
54,35	23,08
54,38	22,77
54,40	22,99
54,43	22,73
54,45	22,98
54,48	22,76
54,50	23,10
54,52	22,87
54,55	23,17
54,57	23,01
54,60	23,31
54,62	23,20
54,65	23,57
54,67	23,45
54,70	23,77
54,72	23,66
54,74	23,97
54,77	23,97
54,79	24,32
54,82	24,31
54,84	24,60
54,87	24,59
54,89	24,96
54,92	25,13
54,94	25,51
54,96	25,66
54,99	25,97
55,01	26,14
55,04	26,54
55,06	26,82
55,09	27,11
55,11	27,34
55,14	27,59
55,16	27,81
55,18	28,16
55,21	28,49
55,23	28,80
55,26	29,19
55,28	29,49
55,31	29,89
55,33	30,28
55,36	30,76
55,38	31,12
55,40	31,62
55,43	31,84
55,45	32,28
55,48	32,54
55,50	33,09
55,53	33,37
55,55	33,88
55,57	34,10
55,60	34,70
55,62	35,08
55,65	35,80
55,67	36,11
55,70	36,77
55,72	37,03
55,75	37,70
55,77	37,93
55,79	38,60
55,82	38,82
55,84	39,49
55,87	39,67
55,89	40,34
55,92	40,59
55,94	41,42
55,97	41,71
55,99	42,45
56,01	42,67
56,04	43,52
56,06	43,82
56,09	44,60
56,11	44,88
56,14	45,55
56,16	45,75
56,19	46,50
56,21	46,67
56,23	47,36
56,26	47,54
56,28	48,15
56,31	48,43
56,33	48,98
56,36	49,18
56,38	49,56
56,41	49,65
56,43	49,91
56,45	49,91
56,48	50,00
56,50	50,00
56,53	50,00
56,55	50,00
56,58	50,00
56,60	50,00
56,62	50,00
56,65	50,00
56,67	50,00
56,70	50,00
56,72	50,00
56,75	50,00
56,77	50,00
56,80	50,00
56,82	50,00
56,84	50,00
56,87	50,00
56,89	50,00
56,92	50,00
56,94	50,00
56,97	50,00
56,99	50,00
57,02	50,00
57,04	50,00
57,06	50,00
57,09	50,00
57,11	50,00
57,14	50,00
57,16	50,00
57,19	50,00
57,21	50,00
57,24	50,00
57,26	50,00
57,28	50,00
57,31	50,00
57,33	50,00
57,36	50,00
57,38	50,00
57,41	50,00
57,43	50,00
57,46	50,00
57,48	50,00
57,50	50,00
57,53	50,00
57,55	50,00
57,58	50,00
57,60	50,00
57,63	50,00
57,65	50,00
57,68	50,00
57,70	50,00
57,72	50,00
57,75	50,00
57,77	50,00
57,80	50,00
57,82	50,00
57,85	50,00
57,87	50,00
57,89	50,00
57,92	50,00
57,94	50,00
57,97	50,00
57,99	50,00
58,02	50,00
58,04	50,00
58,07	50,00
58,09	49,94
58,11	49,94
58,14	49,82
58,16	49,76
58,19	49,54
58,21	49,35
58,24	49,02
58,26	48,76
58,29	48,32
58,31	48,02
58,33	47,53
58,36	47,19
58,38	46,65
58,41	46,29
58,43	45,86
58,46	45,52
58,48	45,06
58,51	44,65
58,53	44,17
58,55	43,81
58,58	43,50
58,60	43,16
58,63	42,85
58,65	42,46
58,68	42,11
58,70	41,79
58,73	41,62
58,75	41,21
58,77	40,98
58,80	40,49
58,82	40,21
58,85	39,85
58,87	39,73
58,90	39,32
58,92	39,21
58,94	38,72
58,97	38,68
58,99	38,36
59,02	38,39
59,04	38,03
59,07	37,99
59,09	37,53
59,12	37,57
59,14	37,19
59,16	37,29
59,19	36,90
59,21	36,98
59,24	36,62
59,26	36,80
59,29	36,48
59,31	36,67
59,34	36,37
59,36	36,58
59,38	36,24
59,41	36,50
59,43	36,21
59,46	36,45
59,48	36,20
59,51	36,45
59,53	36,19
59,56	36,53
59,58	36,34
59,60	36,66
59,63	36,52
59,65	36,81
59,68	36,67
59,70	37,10
59,73	36,99
59,75	37,33
59,78	37,26
59,80	37,61
59,82	37,65
59,85	38,08
59,87	38,10
59,90	38,49
59,92	38,52
59,95	38,73
59,97	38,73
59,99	38,81
