Voltage U1	Corriente IA
U1/V	IA/nA

0,02	0,59
0,04	0,52
0,07	0,58
0,09	0,57
0,12	0,67
0,14	0,54
0,17	0,64
0,19	0,57
0,21	0,73
0,24	0,65
0,26	0,74
0,29	0,55
0,31	0,70
0,34	0,57
0,36	0,77
0,39	0,60
0,41	0,74
0,43	0,57
0,46	0,75
0,48	0,59
0,51	0,79
0,53	0,61
0,56	0,77
0,58	0,57
0,61	0,77
0,63	0,58
0,65	0,75
0,68	0,55
0,70	0,70
0,73	0,52
0,75	0,72
0,78	0,53
0,80	0,68
0,83	0,50
0,85	0,64
0,87	0,48
0,90	0,67
0,92	0,48
0,95	0,61
0,97	0,47
1,00	0,58
1,02	0,47
1,05	0,63
1,07	0,47
1,09	0,57
1,12	0,43
1,14	0,54
1,17	0,47
1,19	0,59
1,22	0,47
1,24	0,54
1,26	0,44
1,29	0,53
1,31	0,50
1,34	0,57
1,36	0,51
1,39	0,55
1,41	0,47
1,44	0,54
1,46	0,53
1,48	0,55
1,51	0,56
1,53	0,53
1,56	0,53
1,58	0,56
1,61	0,62
1,63	0,64
1,66	0,72
1,68	0,62
1,70	0,65
1,73	0,59
1,75	0,69
1,78	0,62
1,80	0,70
1,83	0,53
1,85	0,61
1,88	0,53
1,90	0,72
1,92	0,60
1,95	0,73
1,97	0,55
2,00	0,71
2,02	0,60
2,05	0,79
2,07	0,59
2,10	0,76
2,12	0,55
2,14	0,74
2,17	0,59
2,19	0,77
2,22	0,58
2,24	0,77
2,27	0,57
2,29	0,77
2,31	0,58
2,34	0,74
2,36	0,56
2,39	0,70
2,41	0,51
2,44	0,72
2,46	0,52
2,49	0,66
2,51	0,49
2,53	0,65
2,56	0,50
2,58	0,66
2,61	0,47
2,63	0,59
2,66	0,45
2,68	0,57
2,71	0,46
2,73	0,60
2,75	0,49
2,78	0,58
2,80	0,46
2,83	0,56
2,85	0,49
2,88	0,58
2,90	0,51
2,93	0,54
2,95	0,45
2,97	0,54
3,00	0,52
3,02	0,59
3,05	0,56
3,07	0,55
3,10	0,53
3,12	0,58
3,15	0,59
3,17	0,61
3,19	0,63
3,22	0,60
3,24	0,59
3,27	0,58
3,29	0,67
3,32	0,64
3,34	0,71
3,36	0,60
3,39	0,64
3,41	0,58
3,44	0,73
3,46	0,62
3,49	0,75
3,51	0,58
3,54	0,70
3,56	0,62
3,58	0,78
3,61	0,65
3,63	0,81
3,66	0,62
3,68	0,80
3,71	0,65
3,73	0,84
3,76	0,68
3,78	0,85
3,80	0,62
3,83	0,82
3,85	0,63
3,88	0,82
3,90	0,63
3,93	0,78
3,95	0,57
3,98	0,78
4,00	0,58
4,02	0,75
4,05	0,55
4,07	0,70
4,10	0,53
4,12	0,74
4,15	0,53
4,17	0,69
4,20	0,53
4,22	0,65
4,24	0,51
4,27	0,69
4,29	0,54
4,32	0,66
4,34	0,50
4,37	0,64
4,39	0,56
4,42	0,69
4,44	0,58
4,46	0,64
4,49	0,53
4,51	0,65
4,54	0,59
4,56	0,67
4,59	0,61
4,61	0,64
4,63	0,58
4,66	0,65
4,68	0,63
4,71	0,67
4,73	0,66
4,76	0,64
4,78	0,60
4,81	0,64
4,83	0,70
4,85	0,72
4,88	0,77
4,90	0,71
4,93	0,73
4,95	0,73
4,98	0,85
5,00	0,79
5,03	0,87
5,05	0,74
5,07	0,80
5,10	0,76
5,12	0,91
5,15	0,78
5,17	0,91
5,20	0,74
5,22	0,88
5,25	0,78
5,27	0,95
5,29	0,80
5,32	0,95
5,34	0,74
5,37	0,93
5,39	0,77
5,42	0,96
5,44	0,78
5,47	0,94
5,49	0,73
5,51	0,92
5,54	0,71
5,56	0,91
5,59	0,72
5,61	0,87
5,64	0,67
5,66	0,89
5,68	0,72
5,71	0,90
5,73	0,70
5,76	0,87
5,78	0,70
5,81	0,90
5,83	0,74
5,86	0,88
5,88	0,71
5,90	0,86
5,93	0,71
5,95	0,90
5,98	0,75
6,00	0,83
6,03	0,69
6,05	0,81
6,08	0,72
6,10	0,85
6,12	0,76
6,15	0,81
6,17	0,73
6,20	0,84
6,22	0,81
6,25	0,88
6,27	0,85
6,30	0,89
6,32	0,85
6,34	0,91
6,37	0,94
6,39	0,98
6,42	1,02
6,44	0,98
6,47	0,95
6,49	0,97
6,52	1,04
6,54	1,02
6,56	1,12
6,59	1,02
6,61	1,08
6,64	1,03
6,66	1,17
6,69	1,13
6,71	1,23
6,73	1,04
6,76	1,16
6,78	1,07
6,81	1,24
6,83	1,12
6,86	1,23
6,88	1,05
6,91	1,22
6,93	1,08
6,95	1,29
6,98	1,14
7,00	1,29
7,03	1,10
7,05	1,30
7,08	1,14
7,10	1,35
7,13	1,16
7,15	1,31
7,17	1,11
7,20	1,32
7,22	1,12
7,25	1,27
7,27	1,08
7,30	1,25
7,32	1,07
7,35	1,29
7,37	1,11
7,39	1,26
7,42	1,13
7,44	1,29
7,47	1,11
7,49	1,32
7,52	1,15
7,54	1,30
7,57	1,16
7,59	1,30
7,61	1,21
7,64	1,37
7,66	1,26
7,69	1,36
7,71	1,22
7,74	1,33
7,76	1,29
7,78	1,41
7,81	1,35
7,83	1,40
7,86	1,32
7,88	1,42
7,91	1,41
7,93	1,46
7,96	1,42
7,98	1,42
8,00	1,39
8,03	1,47
8,05	1,51
8,08	1,55
8,10	1,59
8,13	1,54
8,15	1,58
8,18	1,59
8,20	1,66
8,22	1,64
8,25	1,71
8,27	1,61
8,30	1,67
8,32	1,61
8,35	1,75
8,37	1,68
8,40	1,80
8,42	1,67
8,44	1,82
8,47	1,74
8,49	1,94
8,52	1,81
8,54	1,95
8,57	1,77
8,59	1,95
8,62	1,79
8,64	1,99
8,66	1,81
8,69	2,00
8,71	1,79
8,74	1,99
8,76	1,83
8,79	2,03
8,81	1,85
8,84	2,00
8,86	1,78
8,88	2,03
8,91	1,83
8,93	1,99
8,96	1,81
8,98	1,96
9,01	1,80
9,03	2,03
9,05	1,81
9,08	1,99
9,10	1,83
9,13	1,98
9,15	1,85
9,18	2,04
9,20	1,89
9,23	2,06
9,25	1,93
9,27	2,07
9,30	2,00
9,32	2,15
9,35	2,06
9,37	2,13
9,40	2,00
9,42	2,11
9,45	2,07
9,47	2,18
9,49	2,15
9,52	2,18
9,54	2,13
9,57	2,24
9,59	2,25
9,62	2,33
9,64	2,33
9,67	2,32
9,69	2,31
9,71	2,32
9,74	2,35
9,76	2,37
9,79	2,40
9,81	2,33
9,84	2,34
9,86	2,31
9,89	2,47
9,91	2,46
9,93	2,56
9,96	2,46
9,98	2,55
10,01	2,51
10,03	2,70
10,06	2,59
10,08	2,71
10,10	2,55
10,13	2,68
10,15	2,59
10,18	2,76
10,20	2,62
10,23	2,80
10,25	2,62
10,28	2,80
10,30	2,66
10,32	2,86
10,35	2,73
10,37	2,90
10,40	2,68
10,42	2,90
10,45	2,70
10,47	2,89
10,50	2,70
10,52	2,84
10,54	2,65
10,57	2,88
10,59	2,68
10,62	2,89
10,64	2,73
10,67	2,90
10,69	2,77
10,72	2,99
10,74	2,81
10,76	2,96
10,79	2,80
10,81	2,96
10,84	2,84
10,86	2,98
10,89	2,86
10,91	2,98
10,94	2,86
10,96	3,01
10,98	2,95
11,01	3,09
11,03	3,04
11,06	3,10
11,08	3,05
11,11	3,17
11,13	3,14
11,15	3,23
11,18	3,16
11,20	3,19
11,23	3,16
11,25	3,20
11,28	3,23
11,30	3,29
11,33	3,33
11,35	3,34
11,37	3,35
11,40	3,36
11,42	3,49
11,45	3,49
11,47	3,57
11,50	3,50
11,52	3,56
11,55	3,52
11,57	3,69
11,59	3,62
11,62	3,76
11,64	3,61
11,67	3,71
11,69	3,65
11,72	3,87
11,74	3,74
11,77	3,89
11,79	3,71
11,81	3,94
11,84	3,82
11,86	4,04
11,89	3,89
11,91	4,07
11,94	3,88
11,96	4,09
11,99	3,91
12,01	4,14
12,03	3,96
12,06	4,13
12,08	3,96
12,11	4,20
12,13	4,02
12,16	4,24
12,18	4,06
12,21	4,25
12,23	4,08
12,25	4,32
12,28	4,14
12,30	4,34
12,33	4,18
12,35	4,34
12,38	4,20
12,40	4,42
12,42	4,28
12,45	4,45
12,47	4,32
12,50	4,49
12,52	4,43
12,55	4,65
12,57	4,55
12,60	4,65
12,62	4,52
12,64	4,63
12,67	4,60
12,69	4,72
12,72	4,66
12,74	4,73
12,77	4,68
12,79	4,81
12,82	4,87
12,84	4,95
12,86	4,94
12,89	4,97
12,91	4,95
12,94	5,01
12,96	5,08
12,99	5,12
13,01	5,18
13,04	5,16
13,06	5,17
13,08	5,19
13,11	5,29
13,13	5,28
13,16	5,41
13,18	5,30
13,21	5,39
13,23	5,35
13,26	5,52
13,28	5,50
13,30	5,62
13,33	5,44
13,35	5,60
13,38	5,47
13,40	5,68
13,43	5,56
13,45	5,70
13,47	5,52
13,50	5,72
13,52	5,57
13,55	5,82
13,57	5,67
13,60	5,83
13,62	5,64
13,65	5,87
13,67	5,70
13,69	5,91
13,72	5,72
13,74	5,88
13,77	5,68
13,79	5,90
13,82	5,71
13,84	5,88
13,87	5,71
13,89	5,89
13,91	5,74
13,94	5,99
13,96	5,80
13,99	5,96
14,01	5,85
14,04	6,00
14,06	5,88
14,09	6,08
14,11	5,92
14,13	6,05
14,16	5,93
14,18	6,04
14,21	5,98
14,23	6,11
14,26	6,03
14,28	6,13
14,31	6,03
14,33	6,15
14,35	6,15
14,38	6,25
14,40	6,23
14,43	6,27
14,45	6,24
14,48	6,30
14,50	6,33
14,52	6,37
14,55	6,41
14,57	6,37
14,60	6,37
14,62	6,38
14,65	6,49
14,67	6,49
14,70	6,57
14,72	6,45
14,74	6,55
14,77	6,50
14,79	6,63
14,82	6,58
14,84	6,67
14,87	6,53
14,89	6,66
14,92	6,59
14,94	6,78
14,96	6,67
14,99	6,81
15,01	6,66
15,04	6,84
15,06	6,72
15,09	6,91
15,11	6,78
15,14	6,98
15,16	6,78
15,18	6,99
15,21	6,83
15,23	7,05
15,26	6,88
15,28	7,05
15,31	6,82
15,33	7,07
15,36	6,89
15,38	7,08
15,40	6,92
15,43	7,08
15,45	6,90
15,48	7,20
15,50	7,01
15,53	7,19
15,55	7,04
15,57	7,19
15,60	7,08
15,62	7,29
15,65	7,09
15,67	7,25
15,70	7,10
15,72	7,26
15,75	7,20
15,77	7,37
15,79	7,30
15,82	7,43
15,84	7,33
15,87	7,49
15,89	7,47
15,92	7,60
15,94	7,56
15,97	7,62
15,99	7,57
16,01	7,71
16,04	7,70
16,06	7,80
16,09	7,80
16,11	7,83
16,14	7,83
16,16	7,90
16,19	7,97
16,21	8,07
16,23	8,14
16,26	8,11
16,28	8,17
16,31	8,21
16,33	8,35
16,36	8,35
16,38	8,47
16,41	8,39
16,43	8,49
16,45	8,47
16,48	8,65
16,50	8,60
16,53	8,77
16,55	8,65
16,58	8,83
16,60	8,80
16,63	9,05
16,65	8,98
16,67	9,20
16,70	9,07
16,72	9,30
16,75	9,22
16,77	9,47
16,80	9,34
16,82	9,57
16,84	9,40
16,87	9,68
16,89	9,55
16,92	9,80
16,94	9,70
16,97	9,92
16,99	9,77
17,02	10,08
17,04	9,93
17,06	10,16
17,09	10,05
17,11	10,26
17,14	10,17
17,16	10,43
17,19	10,29
17,21	10,53
17,24	10,43
17,26	10,64
17,28	10,60
17,31	10,85
17,33	10,80
17,36	10,98
17,38	10,89
17,41	11,07
17,43	11,05
17,46	11,25
17,48	11,21
17,50	11,30
17,53	11,26
17,55	11,44
17,58	11,49
17,60	11,64
17,63	11,64
17,65	11,72
17,68	11,76
17,70	11,89
17,72	11,95
17,75	12,03
17,77	12,07
17,80	12,08
17,82	12,11
17,85	12,15
17,87	12,28
17,89	12,28
17,92	12,39
17,94	12,37
17,97	12,45
17,99	12,45
18,02	12,63
18,04	12,58
18,07	12,74
18,09	12,62
18,11	12,73
18,14	12,68
18,16	12,85
18,19	12,73
18,21	12,91
18,24	12,74
18,26	12,93
18,29	12,82
18,31	13,02
18,33	12,90
18,36	13,09
18,38	12,88
18,41	13,10
18,43	12,93
18,46	13,13
18,48	12,96
18,51	13,11
18,53	12,89
18,55	13,11
18,58	12,90
18,60	13,08
18,63	12,87
18,65	13,03
18,68	12,88
18,70	13,12
18,73	12,91
18,75	13,09
18,77	12,93
18,80	13,08
18,82	12,94
18,85	13,10
18,87	12,94
18,90	13,08
18,92	12,92
18,94	13,06
18,97	12,99
18,99	13,14
19,02	13,03
19,04	13,09
19,07	12,99
19,09	13,11
19,12	13,04
19,14	13,14
19,16	13,06
19,19	13,07
19,21	13,02
19,24	13,07
19,26	13,07
19,29	13,13
19,31	13,11
19,34	13,12
19,36	13,08
19,38	13,10
19,41	13,17
19,43	13,16
19,46	13,20
19,48	13,14
19,51	13,14
19,53	13,13
19,56	13,26
19,58	13,20
19,60	13,31
19,63	13,17
19,65	13,23
19,68	13,20
19,70	13,36
19,73	13,25
19,75	13,39
19,78	13,22
19,80	13,40
19,82	13,32
19,85	13,48
19,87	13,34
19,90	13,49
19,92	13,29
19,95	13,48
19,97	13,30
19,99	13,51
20,02	13,36
20,04	13,53
20,07	13,33
20,09	13,54
20,12	13,36
20,14	13,57
20,17	13,39
20,19	13,55
20,21	13,37
20,24	13,62
20,26	13,46
20,29	13,66
20,31	13,51
20,34	13,68
20,36	13,54
20,39	13,78
20,41	13,66
20,43	13,83
20,46	13,70
20,48	13,88
20,51	13,81
20,53	14,03
20,56	13,94
20,58	14,05
20,61	13,97
20,63	14,11
20,65	14,09
20,68	14,28
20,70	14,24
20,73	14,34
20,75	14,30
20,78	14,44
20,80	14,50
20,83	14,60
20,85	14,60
20,87	14,70
20,90	14,71
20,92	14,82
20,95	14,92
20,97	15,00
21,00	15,11
21,02	15,13
21,05	15,17
21,07	15,24
21,09	15,39
21,12	15,45
21,14	15,63
21,17	15,62
21,19	15,77
21,22	15,81
21,24	16,02
21,26	16,05
21,29	16,25
21,31	16,17
21,34	16,38
21,36	16,38
21,39	16,64
21,41	16,64
21,44	16,90
21,46	16,83
21,48	17,14
21,51	17,13
21,53	17,47
21,56	17,47
21,58	17,76
21,61	17,69
21,63	18,01
21,66	17,94
21,68	18,28
21,70	18,24
21,73	18,50
21,75	18,43
21,78	18,82
21,80	18,78
21,83	19,14
21,85	19,09
21,88	19,43
21,90	19,38
21,92	19,80
21,95	19,69
21,97	20,03
22,00	19,97
22,02	20,28
22,05	20,25
22,07	20,65
22,10	20,60
22,12	20,94
22,14	20,90
22,17	21,21
22,19	21,27
22,22	21,61
22,24	21,60
22,27	21,84
22,29	21,78
22,31	22,05
22,34	22,16
22,36	22,39
22,39	22,43
22,41	22,57
22,44	22,63
22,46	22,88
22,49	23,01
22,51	23,15
22,53	23,27
22,56	23,36
22,58	23,47
22,61	23,59
22,63	23,75
22,66	23,84
22,68	23,99
22,71	23,92
22,73	24,03
22,75	24,02
22,78	24,18
22,80	24,18
22,83	24,34
22,85	24,20
22,88	24,39
22,90	24,34
22,93	24,59
22,95	24,51
22,97	24,69
23,00	24,49
23,02	24,72
23,05	24,55
23,07	24,80
23,10	24,60
23,12	24,80
23,15	24,54
23,17	24,79
23,19	24,56
23,22	24,81
23,24	24,56
23,27	24,74
23,29	24,44
23,32	24,70
23,34	24,44
23,36	24,63
23,39	24,34
23,41	24,51
23,44	24,25
23,46	24,54
23,49	24,25
23,51	24,40
23,54	24,15
23,56	24,31
23,58	24,08
23,61	24,28
23,63	23,99
23,66	24,07
23,68	23,81
23,71	23,94
23,73	23,79
23,76	23,90
23,78	23,72
23,80	23,79
23,83	23,62
23,85	23,73
23,88	23,63
23,90	23,70
23,93	23,58
23,95	23,57
23,98	23,44
24,00	23,50
24,02	23,44
24,05	23,44
24,07	23,38
24,10	23,33
24,12	23,26
24,15	23,22
24,17	23,24
24,20	23,24
24,22	23,26
24,24	23,14
24,27	23,12
24,29	23,03
24,32	23,15
24,34	23,05
24,37	23,15
24,39	22,94
24,42	22,99
24,44	22,86
24,46	23,07
24,49	22,89
24,51	23,04
24,54	22,79
24,56	22,99
24,59	22,85
24,61	23,07
24,63	22,83
24,66	23,03
24,68	22,75
24,71	22,97
24,73	22,74
24,76	22,98
24,78	22,76
24,81	23,02
24,83	22,76
24,85	23,04
24,88	22,79
24,90	23,02
24,93	22,83
24,95	23,04
24,98	22,76
25,00	23,09
25,03	22,85
25,05	23,12
25,07	22,92
25,10	23,09
25,12	22,90
25,15	23,19
25,17	22,96
25,20	23,17
25,22	22,98
25,25	23,20
25,27	23,16
25,29	23,45
25,32	23,37
25,34	23,56
25,37	23,45
25,39	23,68
25,42	23,64
25,44	23,82
25,47	23,78
25,49	23,89
25,51	23,86
25,54	24,07
25,56	24,12
25,59	24,34
25,61	24,37
25,64	24,48
25,66	24,54
25,68	24,68
25,71	24,82
25,73	24,95
25,76	25,04
25,78	25,07
25,81	25,15
25,83	25,21
25,86	25,42
25,88	25,49
25,90	25,69
25,93	25,67
25,95	25,88
25,98	25,95
26,00	26,30
26,03	26,35
26,05	26,65
26,08	26,63
26,10	26,97
26,12	27,00
26,15	27,35
26,17	27,33
26,20	27,66
26,22	27,55
26,25	27,93
26,27	27,89
26,30	28,34
26,32	28,35
26,34	28,77
26,37	28,70
26,39	29,23
26,42	29,22
26,44	29,74
26,47	29,72
26,49	30,16
26,52	30,07
26,54	30,63
26,56	30,57
26,59	31,06
26,61	31,05
26,64	31,52
26,66	31,55
26,69	32,19
26,71	32,22
26,73	32,79
26,76	32,86
26,78	33,39
26,81	33,56
26,83	34,11
26,86	34,15
26,88	34,58
26,91	34,59
26,93	35,04
26,95	35,17
26,98	35,59
27,00	35,78
27,03	36,17
27,05	36,34
27,08	36,80
27,10	37,04
27,13	37,51
27,15	37,72
27,17	37,98
27,20	38,15
27,22	38,46
27,25	38,67
27,27	38,97
27,30	39,11
27,32	39,31
27,35	39,48
27,37	39,71
27,39	40,00
27,42	40,21
27,44	40,44
27,47	40,49
27,49	40,66
27,52	40,75
27,54	41,04
27,57	41,10
27,59	41,32
27,61	41,22
27,64	41,42
27,66	41,39
27,69	41,67
27,71	41,58
27,74	41,77
27,76	41,56
27,78	41,81
27,81	41,68
27,83	41,98
27,86	41,84
27,88	42,07
27,91	41,81
27,93	42,11
27,96	41,85
27,98	42,12
28,00	41,83
28,03	41,97
28,05	41,63
28,08	41,86
28,10	41,53
28,13	41,75
28,15	41,43
28,18	41,56
28,20	41,28
28,22	41,51
28,25	41,19
28,27	41,32
28,30	40,98
28,32	41,12
28,35	40,84
28,37	40,98
28,40	40,65
28,42	40,73
28,44	40,40
28,47	40,46
28,49	40,16
28,52	40,24
28,54	39,93
28,57	39,92
28,59	39,66
28,62	39,71
28,64	39,52
28,66	39,58
28,69	39,35
28,71	39,32
28,74	39,10
28,76	39,06
28,79	38,92
28,81	38,85
28,84	38,68
28,86	38,57
28,88	38,39
28,91	38,31
28,93	38,26
28,96	38,18
28,98	38,15
29,01	37,99
29,03	37,89
29,05	37,75
29,08	37,80
29,10	37,66
29,13	37,66
29,15	37,39
29,18	37,39
29,20	37,22
29,23	37,34
29,25	37,14
29,27	37,20
29,30	36,90
29,32	37,06
29,35	36,83
29,37	37,03
29,40	36,81
29,42	36,92
29,45	36,62
29,47	36,81
29,49	36,53
29,52	36,79
29,54	36,52
29,57	36,69
29,59	36,39
29,62	36,65
29,64	36,37
29,67	36,60
29,69	36,32
29,71	36,53
29,74	36,24
29,76	36,53
29,79	36,27
29,81	36,52
29,84	36,28
29,86	36,53
29,89	36,27
29,91	36,59
29,93	36,37
29,96	36,59
29,98	36,38
30,01	36,62
30,03	36,44
30,06	36,77
30,08	36,62
30,10	36,81
30,13	36,67
30,15	36,94
30,18	36,90
30,20	37,17
30,23	37,10
30,25	37,27
30,28	37,20
30,30	37,42
30,32	37,44
30,35	37,64
30,37	37,63
30,40	37,75
30,42	37,77
30,45	37,98
30,47	38,16
30,50	38,34
30,52	38,48
30,54	38,61
30,57	38,73
30,59	38,89
30,62	39,12
30,64	39,22
30,67	39,47
30,69	39,47
30,72	39,64
30,74	39,74
30,76	40,06
30,79	40,13
30,81	40,43
30,84	40,40
30,86	40,75
30,89	40,85
30,91	41,26
30,94	41,38
30,96	41,77
30,98	41,79
31,01	42,20
31,03	42,23
31,06	42,73
31,08	42,79
31,11	43,19
31,13	43,21
31,15	43,71
31,18	43,78
31,20	44,38
31,23	44,46
31,25	45,03
31,28	45,11
31,30	45,75
31,33	45,87
31,35	46,44
31,37	46,55
31,40	47,17
31,42	47,28
31,45	47,94
31,47	48,06
31,50	48,61
31,52	48,86
31,55	49,30
31,57	49,41
31,59	49,74
31,62	49,74
31,64	49,94
31,67	49,94
31,69	50,00
31,72	50,00
31,74	50,00
31,77	50,00
31,79	50,00
31,81	50,00
31,84	50,00
31,86	50,00
31,89	50,00
31,91	50,00
31,94	50,00
31,96	50,00
31,99	50,00
32,01	50,00
32,03	50,00
32,06	50,00
32,08	50,00
32,11	50,00
32,13	50,00
32,16	50,00
32,18	50,00
32,20	50,00
32,23	50,00
32,25	50,00
32,28	50,00
32,30	50,00
32,33	50,00
32,35	50,00
32,38	50,00
32,40	50,00
32,42	50,00
32,45	50,00
32,47	50,00
32,50	50,00
32,52	50,00
32,55	50,00
32,57	50,00
32,60	50,00
32,62	50,00
32,64	50,00
32,67	50,00
32,69	50,00
32,72	50,00
32,74	50,00
32,77	50,00
32,79	50,00
32,82	50,00
32,84	50,00
32,86	50,00
32,89	50,00
32,91	50,00
32,94	50,00
32,96	50,00
32,99	50,00
33,01	50,00
33,04	50,00
33,06	50,00
33,08	50,00
33,11	50,00
33,13	50,00
33,16	50,00
33,18	50,00
33,21	50,00
33,23	50,00
33,26	50,00
33,28	50,00
33,30	50,00
33,33	50,00
33,35	50,00
33,38	50,00
33,40	50,00
33,43	50,00
33,45	50,00
33,47	50,00
33,50	50,00
33,52	50,00
33,55	50,00
33,57	50,00
33,60	50,00
33,62	50,00
33,65	50,00
33,67	50,00
33,69	50,00
33,72	50,00
33,74	50,00
33,77	50,00
33,79	50,00
33,82	50,00
33,84	50,00
33,87	50,00
33,89	50,00
33,91	50,00
33,94	50,00
33,96	50,00
33,99	50,00
34,01	50,00
34,04	50,00
34,06	50,00
34,09	50,00
34,11	50,00
34,13	50,00
34,16	50,00
34,18	50,00
34,21	50,00
34,23	50,00
34,26	50,00
34,28	50,00
34,31	50,00
34,33	50,00
34,35	50,00
34,38	50,00
34,40	50,00
34,43	50,00
34,45	50,00
34,48	50,00
34,50	50,00
34,52	50,00
34,55	50,00
34,57	50,00
34,60	50,00
34,62	50,00
34,65	50,00
34,67	50,00
34,70	50,00
34,72	50,00
34,74	50,00
34,77	50,00
34,79	50,00
34,82	50,00
34,84	50,00
34,87	50,00
34,89	50,00
34,92	50,00
34,94	50,00
34,96	50,00
34,99	50,00
35,01	50,00
35,04	50,00
35,06	50,00
35,09	50,00
35,11	50,00
35,14	50,00
35,16	50,00
35,18	50,00
35,21	50,00
35,23	50,00
35,26	50,00
35,28	50,00
35,31	50,00
35,33	50,00
35,36	50,00
35,38	50,00
35,40	50,00
35,43	50,00
35,45	50,00
35,48	50,00
35,50	50,00
35,53	50,00
35,55	50,00
35,57	50,00
35,60	50,00
35,62	50,00
35,65	50,00
35,67	50,00
35,70	50,00
35,72	50,00
35,75	50,00
35,77	50,00
35,79	50,00
35,82	50,00
35,84	50,00
35,87	50,00
35,89	50,00
35,92	50,00
35,94	50,00
35,97	50,00
35,99	50,00
36,01	50,00
36,04	50,00
36,06	50,00
36,09	50,00
36,11	50,00
36,14	50,00
36,16	50,00
36,19	50,00
36,21	50,00
36,23	50,00
36,26	50,00
36,28	50,00
36,31	50,00
36,33	50,00
36,36	50,00
36,38	50,00
36,41	50,00
36,43	50,00
36,45	50,00
36,48	50,00
36,50	50,00
36,53	50,00
36,55	50,00
36,58	50,00
36,60	50,00
36,62	50,00
36,65	50,00
36,67	50,00
36,70	50,00
36,72	50,00
36,75	50,00
36,77	50,00
36,80	50,00
36,82	50,00
36,84	50,00
36,87	50,00
36,89	50,00
36,92	50,00
36,94	50,00
36,97	50,00
36,99	50,00
37,02	50,00
37,04	50,00
37,06	50,00
37,09	50,00
37,11	50,00
37,14	50,00
37,16	50,00
37,19	50,00
37,21	50,00
37,24	50,00
37,26	50,00
37,28	50,00
37,31	50,00
37,33	50,00
37,36	50,00
37,38	50,00
37,41	50,00
37,43	50,00
37,46	50,00
37,48	50,00
37,50	50,00
37,53	50,00
37,55	50,00
37,58	50,00
37,60	50,00
37,63	50,00
37,65	50,00
37,68	50,00
37,70	50,00
37,72	50,00
37,75	50,00
37,77	50,00
37,80	50,00
37,82	50,00
37,85	50,00
37,87	50,00
37,89	50,00
37,92	50,00
37,94	50,00
37,97	50,00
37,99	50,00
38,02	50,00
38,04	50,00
38,07	50,00
38,09	50,00
38,11	50,00
38,14	50,00
38,16	50,00
38,19	50,00
38,21	50,00
38,24	50,00
38,26	50,00
38,29	50,00
38,31	50,00
38,33	50,00
38,36	50,00
38,38	50,00
38,41	50,00
38,43	50,00
38,46	50,00
38,48	50,00
38,51	50,00
38,53	50,00
38,55	50,00
38,58	50,00
38,60	50,00
38,63	50,00
38,65	50,00
38,68	50,00
38,70	50,00
38,73	50,00
38,75	50,00
38,77	50,00
38,80	50,00
38,82	50,00
38,85	50,00
38,87	50,00
38,90	50,00
38,92	50,00
38,94	50,00
38,97	50,00
38,99	50,00
39,02	50,00
39,04	50,00
39,07	50,00
39,09	50,00
39,12	50,00
39,14	50,00
39,16	50,00
39,19	50,00
39,21	50,00
39,24	50,00
39,26	50,00
39,29	50,00
39,31	50,00
39,34	50,00
39,36	50,00
39,38	50,00
39,41	50,00
39,43	50,00
39,46	50,00
39,48	50,00
39,51	50,00
39,53	50,00
39,56	50,00
39,58	50,00
39,60	50,00
39,63	50,00
39,65	50,00
39,68	50,00
39,70	50,00
39,73	50,00
39,75	50,00
39,78	50,00
39,80	50,00
39,82	50,00
39,85	50,00
39,87	50,00
39,90	50,00
39,92	50,00
39,95	50,00
39,97	50,00
39,99	50,00
40,02	50,00
40,04	50,00
40,07	50,00
40,09	50,00
40,12	50,00
40,14	50,00
40,17	50,00
40,19	50,00
40,21	50,00
40,24	50,00
40,26	50,00
40,29	50,00
40,31	50,00
40,34	50,00
40,36	50,00
40,39	50,00
40,41	50,00
40,43	50,00
40,46	50,00
40,48	50,00
40,51	50,00
40,53	50,00
40,56	50,00
40,58	50,00
40,61	50,00
40,63	50,00
40,65	50,00
40,68	50,00
40,70	50,00
40,73	50,00
40,75	50,00
40,78	50,00
40,80	50,00
40,83	50,00
40,85	50,00
40,87	50,00
40,90	50,00
40,92	50,00
40,95	50,00
40,97	50,00
41,00	50,00
41,02	50,00
41,05	50,00
41,07	50,00
41,09	50,00
41,12	50,00
41,14	50,00
41,17	50,00
41,19	50,00
41,22	50,00
41,24	50,00
41,26	50,00
41,29	50,00
41,31	50,00
41,34	50,00
41,36	50,00
41,39	50,00
41,41	50,00
41,44	50,00
41,46	50,00
41,48	50,00
41,51	50,00
41,53	50,00
41,56	50,00
41,58	50,00
41,61	50,00
41,63	50,00
41,66	50,00
41,68	50,00
41,70	50,00
41,73	50,00
41,75	50,00
41,78	50,00
41,80	50,00
41,83	50,00
41,85	50,00
41,88	50,00
41,90	50,00
41,92	50,00
41,95	50,00
41,97	50,00
42,00	50,00
42,02	50,00
42,05	50,00
42,07	50,00
42,10	50,00
42,12	50,00
42,14	50,00
42,17	50,00
42,19	50,00
42,22	50,00
42,24	50,00
42,27	50,00
42,29	50,00
42,31	50,00
42,34	50,00
42,36	50,00
42,39	50,00
42,41	50,00
42,44	50,00
42,46	50,00
42,49	50,00
42,51	50,00
42,53	50,00
42,56	50,00
42,58	50,00
42,61	50,00
42,63	50,00
42,66	50,00
42,68	50,00
42,71	50,00
42,73	50,00
42,75	50,00
42,78	50,00
42,80	50,00
42,83	50,00
42,85	50,00
42,88	50,00
42,90	50,00
42,93	50,00
42,95	50,00
42,97	50,00
43,00	50,00
43,02	50,00
43,05	50,00
43,07	50,00
43,10	50,00
43,12	50,00
43,15	50,00
43,17	50,00
43,19	50,00
43,22	50,00
43,24	50,00
43,27	50,00
43,29	50,00
43,32	50,00
43,34	50,00
43,36	50,00
43,39	50,00
43,41	50,00
43,44	50,00
43,46	50,00
43,49	50,00
43,51	50,00
43,54	50,00
43,56	50,00
43,58	50,00
43,61	50,00
43,63	50,00
43,66	50,00
43,68	50,00
43,71	50,00
43,73	50,00
43,76	50,00
43,78	50,00
43,80	50,00
43,83	50,00
43,85	50,00
43,88	50,00
43,90	50,00
43,93	50,00
43,95	50,00
43,98	50,00
44,00	50,00
44,02	50,00
44,05	50,00
44,07	50,00
44,10	50,00
44,12	50,00
44,15	50,00
44,17	50,00
44,20	50,00
44,22	50,00
44,24	50,00
44,27	50,00
44,29	50,00
44,32	50,00
44,34	50,00
44,37	50,00
44,39	50,00
44,41	50,00
44,44	50,00
44,46	50,00
44,49	50,00
44,51	50,00
44,54	50,00
44,56	50,00
44,59	50,00
44,61	50,00
44,63	50,00
44,66	50,00
44,68	50,00
44,71	50,00
44,73	50,00
44,76	50,00
44,78	50,00
44,81	50,00
44,83	50,00
44,85	50,00
44,88	50,00
44,90	50,00
44,93	50,00
44,95	50,00
44,98	50,00
45,00	50,00
45,03	50,00
45,05	50,00
45,07	50,00
45,10	50,00
45,12	50,00
45,15	50,00
45,17	50,00
45,20	50,00
45,22	50,00
45,25	50,00
45,27	50,00
45,29	50,00
45,32	50,00
45,34	50,00
45,37	50,00
45,39	50,00
45,42	50,00
45,44	50,00
45,47	50,00
45,49	50,00
45,51	50,00
45,54	50,00
45,56	50,00
45,59	50,00
45,61	50,00
45,64	50,00
45,66	50,00
45,68	50,00
45,71	50,00
45,73	50,00
45,76	50,00
45,78	50,00
45,81	50,00
45,83	50,00
45,86	50,00
45,88	50,00
45,90	50,00
45,93	50,00
45,95	50,00
45,98	50,00
46,00	50,00
46,03	50,00
46,05	50,00
46,08	50,00
46,10	50,00
46,12	50,00
46,15	50,00
46,17	50,00
46,20	50,00
46,22	50,00
46,25	50,00
46,27	50,00
46,30	50,00
46,32	50,00
46,34	50,00
46,37	50,00
46,39	50,00
46,42	50,00
46,44	50,00
46,47	50,00
46,49	50,00
46,52	50,00
46,54	50,00
46,56	50,00
46,59	50,00
46,61	50,00
46,64	50,00
46,66	50,00
46,69	50,00
46,71	50,00
46,73	50,00
46,76	50,00
46,78	50,00
46,81	50,00
46,83	50,00
46,86	50,00
46,88	50,00
46,91	50,00
46,93	50,00
46,95	50,00
46,98	50,00
47,00	50,00
47,03	50,00
47,05	50,00
47,08	50,00
47,10	50,00
47,13	50,00
47,15	50,00
47,17	50,00
47,20	50,00
47,22	50,00
47,25	50,00
47,27	50,00
47,30	50,00
47,32	50,00
47,35	50,00
47,37	50,00
47,39	50,00
47,42	50,00
47,44	50,00
47,47	50,00
47,49	50,00
47,52	50,00
47,54	50,00
47,57	50,00
47,59	50,00
47,61	50,00
47,64	50,00
47,66	50,00
47,69	50,00
47,71	50,00
47,74	50,00
47,76	50,00
47,78	50,00
47,81	50,00
47,83	50,00
47,86	50,00
47,88	50,00
47,91	50,00
47,93	50,00
47,96	50,00
47,98	50,00
48,00	50,00
48,03	50,00
48,05	50,00
48,08	50,00
48,10	50,00
48,13	50,00
48,15	50,00
48,18	50,00
48,20	50,00
48,22	50,00
48,25	50,00
48,27	50,00
48,30	50,00
48,32	50,00
48,35	50,00
48,37	50,00
48,40	50,00
48,42	50,00
48,44	50,00
48,47	50,00
48,49	50,00
48,52	50,00
48,54	50,00
48,57	50,00
48,59	50,00
48,62	50,00
48,64	50,00
48,66	50,00
48,69	50,00
48,71	50,00
48,74	50,00
48,76	50,00
48,79	50,00
48,81	50,00
48,84	50,00
48,86	50,00
48,88	50,00
48,91	50,00
48,93	50,00
48,96	50,00
48,98	50,00
49,01	50,00
49,03	50,00
49,05	50,00
49,08	50,00
49,10	50,00
49,13	50,00
49,15	50,00
49,18	50,00
49,20	50,00
49,23	50,00
49,25	50,00
49,27	50,00
49,30	50,00
49,32	50,00
49,35	50,00
49,37	50,00
49,40	50,00
49,42	50,00
49,45	50,00
49,47	50,00
49,49	50,00
49,52	50,00
49,54	50,00
49,57	50,00
49,59	50,00
49,62	50,00
49,64	50,00
49,67	50,00
49,69	50,00
49,71	50,00
49,74	50,00
49,76	50,00
49,79	50,00
49,81	50,00
49,84	50,00
49,86	50,00
49,89	50,00
49,91	50,00
49,93	50,00
49,96	50,00
49,98	50,00
50,01	50,00
50,03	50,00
50,06	50,00
50,08	50,00
50,10	50,00
50,13	50,00
50,15	50,00
50,18	50,00
50,20	50,00
50,23	50,00
50,25	50,00
50,28	50,00
50,30	50,00
50,32	50,00
50,35	50,00
50,37	50,00
50,40	50,00
50,42	50,00
50,45	50,00
50,47	50,00
50,50	50,00
50,52	50,00
50,54	50,00
50,57	50,00
50,59	50,00
50,62	50,00
50,64	50,00
50,67	50,00
50,69	50,00
50,72	50,00
50,74	50,00
50,76	50,00
50,79	50,00
50,81	50,00
50,84	50,00
50,86	50,00
50,89	50,00
50,91	50,00
50,94	50,00
50,96	50,00
50,98	50,00
51,01	50,00
51,03	50,00
51,06	50,00
51,08	50,00
51,11	50,00
51,13	50,00
51,15	50,00
51,18	50,00
51,20	50,00
51,23	50,00
51,25	50,00
51,28	50,00
51,30	50,00
51,33	50,00
51,35	50,00
51,37	50,00
51,40	50,00
51,42	50,00
51,45	50,00
51,47	50,00
51,50	50,00
51,52	50,00
51,55	50,00
51,57	50,00
51,59	50,00
51,62	50,00
51,64	50,00
51,67	50,00
51,69	50,00
51,72	50,00
51,74	50,00
51,77	50,00
51,79	50,00
51,81	50,00
51,84	50,00
51,86	50,00
51,89	50,00
51,91	50,00
51,94	50,00
51,96	50,00
51,99	50,00
52,01	50,00
52,03	50,00
52,06	50,00
