Voltage U1	Corriente IA
U1/V	IA/nA

0,02	0,73
0,04	0,68
0,07	0,62
0,09	0,60
0,12	0,59
0,14	0,58
0,17	0,55
0,19	0,58
0,21	0,61
0,24	0,64
0,26	0,68
0,29	0,59
0,31	0,61
0,34	0,57
0,36	0,68
0,39	0,65
0,41	0,73
0,43	0,60
0,46	0,67
0,48	0,60
0,51	0,75
0,53	0,62
0,56	0,72
0,58	0,56
0,61	0,69
0,63	0,59
0,65	0,77
0,68	0,61
0,70	0,79
0,73	0,59
0,75	0,74
0,78	0,59
0,80	0,79
0,83	0,61
0,85	0,81
0,87	0,60
0,90	0,78
0,92	0,62
0,95	0,81
0,97	0,62
1,00	0,77
1,02	0,55
1,05	0,76
1,07	0,57
1,09	0,73
1,12	0,54
1,14	0,67
1,17	0,51
1,19	0,71
1,22	0,51
1,24	0,66
1,26	0,50
1,29	0,61
1,31	0,49
1,34	0,66
1,36	0,47
1,39	0,60
1,41	0,44
1,44	0,55
1,46	0,47
1,48	0,59
1,51	0,48
1,53	0,56
1,56	0,43
1,58	0,54
1,61	0,50
1,63	0,59
1,66	0,52
1,68	0,55
1,70	0,48
1,73	0,56
1,75	0,54
1,78	0,60
1,80	0,60
1,83	0,58
1,85	0,55
1,88	0,58
1,90	0,61
1,92	0,61
1,95	0,65
1,97	0,57
2,00	0,59
2,02	0,58
2,05	0,69
2,07	0,66
2,10	0,75
2,12	0,62
2,14	0,69
2,17	0,61
2,19	0,75
2,22	0,63
2,24	0,75
2,27	0,56
2,29	0,67
2,31	0,59
2,34	0,79
2,36	0,64
2,39	0,79
2,41	0,59
2,44	0,79
2,46	0,65
2,49	0,83
2,51	0,64
2,53	0,79
2,56	0,59
2,58	0,78
2,61	0,59
2,63	0,78
2,66	0,58
2,68	0,74
2,71	0,55
2,73	0,75
2,75	0,56
2,78	0,73
2,80	0,54
2,83	0,68
2,85	0,52
2,88	0,72
2,90	0,53
2,93	0,66
2,95	0,49
2,97	0,64
3,00	0,51
3,02	0,68
3,05	0,51
3,07	0,64
3,10	0,50
3,12	0,60
3,15	0,49
3,17	0,64
3,19	0,52
3,22	0,58
3,24	0,45
3,27	0,54
3,29	0,50
3,32	0,60
3,34	0,53
3,36	0,56
3,39	0,46
3,41	0,53
3,44	0,53
3,46	0,58
3,49	0,54
3,51	0,55
3,54	0,53
3,56	0,59
3,58	0,64
3,61	0,67
3,63	0,69
3,66	0,63
3,68	0,60
3,71	0,58
3,73	0,67
3,76	0,63
3,78	0,72
3,80	0,60
3,83	0,67
3,85	0,63
3,88	0,78
3,90	0,70
3,93	0,82
3,95	0,62
3,98	0,76
4,00	0,65
4,02	0,82
4,05	0,67
4,07	0,81
4,10	0,61
4,12	0,79
4,15	0,63
4,17	0,85
4,20	0,67
4,22	0,83
4,24	0,63
4,27	0,81
4,29	0,63
4,32	0,84
4,34	0,63
4,37	0,80
4,39	0,59
4,42	0,79
4,44	0,61
4,46	0,76
4,49	0,55
4,51	0,72
4,54	0,54
4,56	0,75
4,59	0,55
4,61	0,69
4,63	0,55
4,66	0,72
4,68	0,53
4,71	0,73
4,73	0,54
4,76	0,67
4,78	0,53
4,81	0,64
4,83	0,53
4,85	0,69
4,88	0,55
4,90	0,65
4,93	0,52
4,95	0,64
4,98	0,60
5,00	0,70
5,03	0,62
5,05	0,68
5,07	0,58
5,10	0,68
5,12	0,65
5,15	0,69
5,17	0,66
5,20	0,66
5,22	0,61
5,25	0,69
5,27	0,71
5,29	0,75
5,32	0,76
5,34	0,70
5,37	0,71
5,39	0,71
5,42	0,79
5,44	0,78
5,47	0,85
5,49	0,74
5,51	0,79
5,54	0,71
5,56	0,84
5,59	0,74
5,61	0,85
5,64	0,67
5,66	0,79
5,68	0,70
5,71	0,91
5,73	0,77
5,76	0,91
5,78	0,72
5,81	0,89
5,83	0,74
5,86	0,95
5,88	0,75
5,90	0,94
5,93	0,72
5,95	0,91
5,98	0,72
6,00	0,95
6,03	0,76
6,05	0,96
6,08	0,72
6,10	0,97
6,12	0,76
6,15	0,98
6,17	0,76
6,20	0,89
6,22	0,66
6,25	0,89
6,27	0,66
6,30	0,85
6,32	0,64
6,34	0,81
6,37	0,66
6,39	0,88
6,42	0,66
6,44	0,87
6,47	0,68
6,49	0,85
6,52	0,72
6,54	0,90
6,56	0,75
6,59	0,89
6,61	0,67
6,64	0,81
6,66	0,71
6,69	0,84
6,71	0,72
6,73	0,79
6,76	0,65
6,78	0,79
6,81	0,75
6,83	0,87
6,86	0,82
6,88	0,86
6,91	0,80
6,93	0,89
6,95	0,89
6,98	0,95
7,00	0,90
7,03	0,90
7,05	0,86
7,08	0,88
7,10	0,96
7,13	0,97
7,15	1,02
7,17	0,98
7,20	0,98
7,22	0,97
7,25	1,10
7,27	1,05
7,30	1,18
7,32	1,03
7,35	1,09
7,37	1,04
7,39	1,21
7,42	1,09
7,44	1,21
7,47	0,99
7,49	1,15
7,52	1,03
7,54	1,22
7,57	1,10
7,59	1,26
7,61	1,04
7,64	1,25
7,66	1,06
7,69	1,29
7,71	1,11
7,74	1,27
7,76	1,03
7,78	1,24
7,81	1,03
7,83	1,28
7,86	1,07
7,88	1,24
7,91	1,02
7,93	1,28
7,96	1,06
7,98	1,26
8,00	1,04
8,03	1,20
8,05	1,01
8,08	1,24
8,10	1,03
8,13	1,20
8,15	1,02
8,18	1,19
8,20	1,02
8,22	1,23
8,25	1,03
8,27	1,16
8,30	1,03
8,32	1,18
8,35	1,06
8,37	1,25
8,40	1,09
8,42	1,20
8,44	1,06
8,47	1,18
8,49	1,12
8,52	1,24
8,54	1,17
8,57	1,26
8,59	1,16
8,62	1,27
8,64	1,27
8,66	1,35
8,69	1,33
8,71	1,32
8,74	1,27
8,76	1,35
8,79	1,37
8,81	1,40
8,84	1,43
8,86	1,37
8,88	1,37
8,91	1,38
8,93	1,47
8,96	1,47
8,98	1,55
9,01	1,44
9,03	1,54
9,05	1,48
9,08	1,65
9,10	1,59
9,13	1,68
9,15	1,51
9,18	1,62
9,20	1,52
9,23	1,73
9,25	1,56
9,27	1,70
9,30	1,55
9,32	1,72
9,35	1,58
9,37	1,80
9,40	1,62
9,42	1,81
9,45	1,59
9,47	1,80
9,49	1,62
9,52	1,87
9,54	1,64
9,57	1,85
9,59	1,59
9,62	1,84
9,64	1,60
9,67	1,79
9,69	1,57
9,71	1,77
9,74	1,53
9,76	1,83
9,79	1,59
9,81	1,79
9,84	1,59
9,86	1,76
9,89	1,56
9,91	1,81
9,93	1,54
9,96	1,73
9,98	1,53
10,01	1,74
10,03	1,60
10,06	1,82
10,08	1,65
10,10	1,84
10,13	1,66
10,15	1,85
10,18	1,74
10,20	1,91
10,23	1,80
10,25	1,86
10,28	1,70
10,30	1,87
10,32	1,79
10,35	1,91
10,37	1,83
10,40	1,87
10,42	1,80
10,45	1,92
10,47	1,92
10,50	2,04
10,52	2,00
10,54	2,00
10,57	1,96
10,59	1,97
10,62	2,03
10,64	2,05
10,67	2,08
10,69	2,02
10,72	2,01
10,74	2,00
10,76	2,16
10,79	2,13
10,81	2,23
10,84	2,09
10,86	2,16
10,89	2,13
10,91	2,34
10,94	2,22
10,96	2,37
10,98	2,19
11,01	2,35
11,03	2,25
11,06	2,47
11,08	2,31
11,11	2,50
11,13	2,26
11,15	2,47
11,18	2,28
11,20	2,53
11,23	2,33
11,25	2,54
11,28	2,28
11,30	2,55
11,33	2,31
11,35	2,58
11,37	2,35
11,40	2,56
11,42	2,28
11,45	2,56
11,47	2,29
11,50	2,56
11,52	2,33
11,55	2,55
11,57	2,32
11,59	2,62
11,62	2,39
11,64	2,63
11,67	2,41
11,69	2,62
11,72	2,40
11,74	2,67
11,77	2,47
11,79	2,64
11,81	2,43
11,84	2,64
11,86	2,49
11,89	2,75
11,91	2,60
11,94	2,73
11,96	2,56
11,99	2,74
12,01	2,66
12,03	2,86
12,06	2,75
12,08	2,83
12,11	2,68
12,13	2,86
12,16	2,84
12,18	2,94
12,21	2,86
12,23	2,90
12,25	2,84
12,28	2,94
12,30	2,96
12,33	3,02
12,35	3,03
12,38	3,02
12,40	2,99
12,42	3,03
12,45	3,13
12,47	3,14
12,50	3,24
12,52	3,15
12,55	3,19
12,57	3,18
12,60	3,33
12,62	3,29
12,64	3,43
12,67	3,24
12,69	3,37
12,72	3,27
12,74	3,49
12,77	3,36
12,79	3,51
12,82	3,30
12,84	3,47
12,86	3,33
12,89	3,59
12,91	3,37
12,94	3,56
12,96	3,32
12,99	3,56
13,01	3,37
13,04	3,65
13,06	3,45
13,08	3,70
13,11	3,45
13,13	3,73
13,16	3,50
13,18	3,77
13,21	3,52
13,23	3,74
13,26	3,47
13,28	3,75
13,30	3,49
13,33	3,72
13,35	3,49
13,38	3,68
13,40	3,43
13,43	3,75
13,45	3,49
13,47	3,70
13,50	3,50
13,52	3,69
13,55	3,53
13,57	3,79
13,60	3,58
13,62	3,77
13,65	3,55
13,67	3,72
13,69	3,64
13,72	3,82
13,74	3,69
13,77	3,81
13,79	3,62
13,82	3,82
13,84	3,74
13,87	3,88
13,89	3,79
13,91	3,85
13,94	3,74
13,96	3,91
13,99	3,88
14,01	3,96
14,04	3,90
14,06	3,92
14,09	3,88
14,11	3,97
14,13	3,98
14,16	4,03
14,18	4,05
14,21	4,01
14,23	4,00
14,26	3,99
14,28	4,04
14,31	4,04
14,33	4,14
14,35	4,04
14,38	4,08
14,40	4,02
14,43	4,23
14,45	4,20
14,48	4,32
14,50	4,13
14,52	4,25
14,55	4,19
14,57	4,42
14,60	4,26
14,62	4,43
14,65	4,22
14,67	4,42
14,70	4,29
14,72	4,52
14,74	4,33
14,77	4,53
14,79	4,28
14,82	4,52
14,84	4,32
14,87	4,57
14,89	4,36
14,92	4,57
14,94	4,29
14,96	4,57
14,99	4,32
15,01	4,56
15,04	4,32
15,06	4,52
15,09	4,29
15,11	4,56
15,14	4,30
15,16	4,56
15,18	4,34
15,21	4,55
15,23	4,36
15,26	4,63
15,28	4,42
15,31	4,65
15,33	4,43
15,36	4,64
15,38	4,48
15,40	4,71
15,43	4,56
15,45	4,71
15,48	4,53
15,50	4,70
15,53	4,60
15,55	4,81
15,57	4,69
15,60	4,76
15,62	4,64
15,65	4,81
15,67	4,77
15,70	4,91
15,72	4,85
15,75	4,93
15,77	4,87
15,79	4,99
15,82	5,01
15,84	5,07
15,87	5,07
15,89	5,07
15,92	5,04
15,94	5,09
15,97	5,17
15,99	5,21
16,01	5,30
16,04	5,24
16,06	5,26
16,09	5,29
16,11	5,43
16,14	5,41
16,16	5,57
16,19	5,47
16,21	5,57
16,23	5,54
16,26	5,73
16,28	5,68
16,31	5,85
16,33	5,65
16,36	5,80
16,38	5,71
16,41	5,95
16,43	5,82
16,45	6,01
16,48	5,79
16,50	6,03
16,53	5,89
16,55	6,18
16,58	5,99
16,60	6,24
16,63	6,03
16,65	6,30
16,67	6,11
16,70	6,40
16,72	6,18
16,75	6,42
16,77	6,17
16,80	6,45
16,82	6,24
16,84	6,48
16,87	6,29
16,89	6,56
16,92	6,35
16,94	6,68
16,97	6,47
16,99	6,75
17,02	6,59
17,04	6,83
17,06	6,62
17,09	6,92
17,11	6,71
17,14	6,94
17,16	6,75
17,19	6,95
17,21	6,81
17,24	7,06
17,26	6,93
17,28	7,12
17,31	6,96
17,33	7,16
17,36	7,12
17,38	7,32
17,41	7,21
17,43	7,32
17,46	7,20
17,48	7,36
17,50	7,34
17,53	7,43
17,55	7,40
17,58	7,48
17,60	7,43
17,63	7,58
17,65	7,62
17,68	7,71
17,70	7,74
17,72	7,73
17,75	7,73
17,77	7,79
17,80	7,86
17,82	7,88
17,85	7,92
17,87	7,85
17,89	7,90
17,92	7,86
17,94	8,03
17,97	7,99
17,99	8,12
18,02	7,99
18,04	8,11
18,07	8,03
18,09	8,28
18,11	8,14
18,14	8,31
18,16	8,10
18,19	8,26
18,21	8,13
18,24	8,36
18,26	8,17
18,29	8,36
18,31	8,11
18,33	8,36
18,36	8,20
18,38	8,46
18,41	8,24
18,43	8,46
18,46	8,19
18,48	8,46
18,51	8,21
18,53	8,43
18,55	8,19
18,58	8,37
18,60	8,09
18,63	8,37
18,65	8,11
18,68	8,35
18,70	8,11
18,73	8,29
18,75	8,08
18,77	8,36
18,80	8,10
18,82	8,32
18,85	8,09
18,87	8,30
18,90	8,13
18,92	8,36
18,94	8,13
18,97	8,31
18,99	8,08
19,02	8,28
19,04	8,12
19,07	8,30
19,09	8,16
19,12	8,28
19,14	8,08
19,16	8,25
19,19	8,14
19,21	8,32
19,24	8,20
19,26	8,27
19,29	8,16
19,31	8,29
19,34	8,26
19,36	8,35
19,38	8,26
19,41	8,30
19,43	8,22
19,46	8,29
19,48	8,33
19,51	8,38
19,53	8,39
19,56	8,38
19,58	8,35
19,60	8,37
19,63	8,44
19,65	8,44
19,68	8,51
19,70	8,43
19,73	8,46
19,75	8,45
19,78	8,61
19,80	8,56
19,82	8,69
19,85	8,53
19,87	8,63
19,90	8,53
19,92	8,73
19,95	8,62
19,97	8,78
19,99	8,56
20,02	8,75
20,04	8,60
20,07	8,85
20,09	8,70
20,12	8,91
20,14	8,69
20,17	8,94
20,19	8,76
20,21	9,05
20,24	8,85
20,26	9,08
20,29	8,84
20,31	9,10
20,34	8,88
20,36	9,16
20,39	8,95
20,41	9,19
20,43	8,94
20,46	9,24
20,48	9,04
20,51	9,29
20,53	9,09
20,56	9,31
20,58	9,11
20,61	9,44
20,63	9,23
20,65	9,46
20,68	9,32
20,70	9,55
20,73	9,40
20,75	9,68
20,78	9,51
20,80	9,72
20,83	9,59
20,85	9,78
20,87	9,71
20,90	9,96
20,92	9,87
20,95	10,02
20,97	9,90
21,00	10,10
21,02	10,11
21,05	10,32
21,07	10,29
21,09	10,42
21,12	10,38
21,14	10,57
21,17	10,62
21,19	10,77
21,22	10,78
21,24	10,84
21,26	10,83
21,29	10,96
21,31	11,04
21,34	11,14
21,36	11,22
21,39	11,23
21,41	11,35
21,44	11,44
21,46	11,64
21,48	11,71
21,51	11,86
21,53	11,83
21,56	11,97
21,58	11,95
21,61	12,16
21,63	12,13
21,66	12,32
21,68	12,23
21,70	12,42
21,73	12,38
21,75	12,71
21,78	12,68
21,80	12,93
21,83	12,81
21,85	13,08
21,88	13,00
21,90	13,34
21,92	13,19
21,95	13,45
21,97	13,26
22,00	13,54
22,02	13,41
22,05	13,74
22,07	13,59
22,10	13,89
22,12	13,70
22,14	14,07
22,17	13,91
22,19	14,20
22,22	14,03
22,24	14,28
22,27	14,08
22,29	14,42
22,31	14,19
22,34	14,47
22,36	14,30
22,39	14,54
22,41	14,37
22,44	14,69
22,46	14,50
22,49	14,76
22,51	14,60
22,53	14,84
22,56	14,72
22,58	14,98
22,61	14,84
22,63	15,04
22,66	14,86
22,68	15,07
22,71	14,97
22,73	15,19
22,75	15,09
22,78	15,18
22,80	15,07
22,83	15,27
22,85	15,21
22,88	15,36
22,90	15,29
22,93	15,36
22,95	15,29
22,97	15,38
23,00	15,36
23,02	15,43
23,05	15,40
23,07	15,39
23,10	15,32
23,12	15,36
23,15	15,41
23,17	15,42
23,19	15,42
23,22	15,32
23,24	15,32
23,27	15,29
23,29	15,37
23,32	15,33
23,34	15,41
23,36	15,25
23,39	15,29
23,41	15,20
23,44	15,34
23,46	15,22
23,49	15,31
23,51	15,07
23,54	15,25
23,56	15,11
23,58	15,28
23,61	15,14
23,63	15,28
23,66	15,01
23,68	15,20
23,71	14,94
23,73	15,15
23,76	14,91
23,78	15,06
23,80	14,77
23,83	14,98
23,85	14,70
23,88	14,95
23,90	14,70
23,93	14,87
23,95	14,58
23,98	14,83
24,00	14,56
24,02	14,78
24,05	14,50
24,07	14,68
24,10	14,42
24,12	14,67
24,15	14,41
24,17	14,58
24,20	14,34
24,22	14,52
24,24	14,31
24,27	14,56
24,29	14,32
24,32	14,47
24,34	14,30
24,37	14,47
24,39	14,29
24,42	14,49
24,44	14,29
24,46	14,41
24,49	14,24
24,51	14,37
24,54	14,27
24,56	14,43
24,59	14,31
24,61	14,41
24,63	14,27
24,66	14,41
24,68	14,41
24,71	14,53
24,73	14,49
24,76	14,55
24,78	14,50
24,81	14,62
24,83	14,65
24,85	14,70
24,88	14,73
24,90	14,73
24,93	14,72
24,95	14,78
24,98	14,89
25,00	14,94
25,03	15,04
25,05	14,99
25,07	15,08
25,10	15,07
25,12	15,23
25,15	15,22
25,17	15,35
25,20	15,24
25,22	15,38
25,25	15,34
25,27	15,58
25,29	15,51
25,32	15,70
25,34	15,57
25,37	15,80
25,39	15,72
25,42	16,03
25,44	15,94
25,47	16,21
25,49	16,07
25,51	16,34
25,54	16,23
25,56	16,54
25,59	16,40
25,61	16,71
25,64	16,51
25,66	16,83
25,68	16,70
25,71	17,04
25,73	16,93
25,76	17,22
25,78	17,04
25,81	17,43
25,83	17,27
25,86	17,59
25,88	17,45
25,90	17,71
25,93	17,58
25,95	17,98
25,98	17,84
26,00	18,20
26,03	18,08
26,05	18,39
26,08	18,34
26,10	18,71
26,12	18,61
26,15	18,89
26,17	18,77
26,20	19,06
26,22	19,02
26,25	19,32
26,27	19,26
26,30	19,49
26,32	19,44
26,34	19,76
26,37	19,80
26,39	20,12
26,42	20,15
26,44	20,38
26,47	20,36
26,49	20,64
26,52	20,72
26,54	20,97
26,56	21,01
26,59	21,17
26,61	21,26
26,64	21,52
26,66	21,66
26,69	21,84
26,71	22,01
26,73	22,15
26,76	22,27
26,78	22,45
26,81	22,69
26,83	22,86
26,86	23,05
26,88	23,08
26,91	23,23
26,93	23,33
26,95	23,58
26,98	23,64
27,00	23,86
27,03	23,85
27,05	24,08
27,08	24,15
27,10	24,45
27,13	24,45
27,15	24,71
27,17	24,62
27,20	24,89
27,22	24,83
27,25	25,13
27,27	25,06
27,30	25,32
27,32	25,14
27,35	25,44
27,37	25,34
27,39	25,67
27,42	25,53
27,44	25,80
27,47	25,60
27,49	25,91
27,52	25,73
27,54	26,01
27,57	25,80
27,59	26,02
27,61	25,83
27,64	26,12
27,66	25,91
27,69	26,15
27,71	25,93
27,74	26,12
27,76	25,90
27,78	26,17
27,81	25,91
27,83	26,11
27,86	25,88
27,88	26,05
27,91	25,87
27,93	26,09
27,96	25,86
27,98	25,98
28,00	25,76
28,03	25,87
28,05	25,72
28,08	25,86
28,10	25,65
28,13	25,68
28,15	25,44
28,18	25,50
28,20	25,39
28,22	25,42
28,25	25,24
28,27	25,25
28,30	25,11
28,32	25,17
28,35	25,09
28,37	25,09
28,40	24,99
28,42	24,94
28,44	24,80
28,47	24,77
28,49	24,72
28,52	24,66
28,54	24,65
28,57	24,54
28,59	24,46
28,62	24,36
28,64	24,41
28,66	24,34
28,69	24,38
28,71	24,15
28,74	24,12
28,76	23,98
28,79	24,08
28,81	23,89
28,84	23,92
28,86	23,64
28,88	23,71
28,91	23,55
28,93	23,71
28,96	23,52
28,98	23,63
29,01	23,39
29,03	23,54
29,05	23,32
29,08	23,51
29,10	23,26
29,13	23,42
29,15	23,11
29,18	23,28
29,20	23,03
29,23	23,27
29,25	23,03
29,27	23,23
29,30	22,96
29,32	23,21
29,35	22,94
29,37	23,15
29,40	22,91
29,42	23,08
29,45	22,82
29,47	23,10
29,49	22,87
29,52	23,10
29,54	22,89
29,57	23,08
29,59	22,92
29,62	23,19
29,64	23,00
29,67	23,19
29,69	23,01
29,71	23,22
29,74	23,10
29,76	23,32
29,79	23,19
29,81	23,37
29,84	23,23
29,86	23,45
29,89	23,42
29,91	23,65
29,93	23,61
29,96	23,72
29,98	23,61
30,01	23,83
30,03	23,84
30,06	24,00
30,08	24,00
30,10	24,12
30,13	24,15
30,15	24,35
30,18	24,43
30,20	24,59
30,23	24,66
30,25	24,74
30,28	24,82
30,30	24,91
30,32	25,06
30,35	25,16
30,37	25,30
30,40	25,36
30,42	25,47
30,45	25,54
30,47	25,82
30,50	25,90
30,52	26,14
30,54	26,14
30,57	26,31
30,59	26,40
30,62	26,74
30,64	26,75
30,67	27,03
30,69	26,98
30,72	27,28
30,74	27,35
30,76	27,70
30,79	27,67
30,81	28,01
30,84	27,94
30,86	28,30
30,89	28,29
30,91	28,69
30,94	28,69
30,96	29,07
30,98	29,00
31,01	29,40
31,03	29,34
31,06	29,76
31,08	29,71
31,11	30,08
31,13	29,99
31,15	30,43
31,18	30,38
31,20	30,87
31,23	30,84
31,25	31,25
31,28	31,22
31,30	31,73
31,33	31,73
31,35	32,14
31,37	32,10
31,40	32,51
31,42	32,52
31,45	33,00
31,47	33,03
31,50	33,44
31,52	33,49
31,55	33,93
31,57	34,05
31,59	34,52
31,62	34,63
31,64	34,97
31,67	35,06
31,69	35,45
31,72	35,57
31,74	35,95
31,77	36,02
31,79	36,31
31,81	36,41
31,84	36,74
31,86	36,94
31,89	37,27
31,91	37,45
31,94	37,74
31,96	37,90
31,99	38,19
32,01	38,42
32,03	38,65
32,06	38,79
32,08	38,91
32,11	39,02
32,13	39,16
32,16	39,37
32,18	39,51
32,20	39,74
32,23	39,83
32,25	40,02
32,28	40,13
32,30	40,44
32,33	40,51
32,35	40,73
32,38	40,65
32,40	40,87
32,42	40,84
32,45	41,06
32,47	40,97
32,50	41,16
32,52	40,99
32,55	41,22
32,57	41,08
32,60	41,36
32,62	41,24
32,64	41,44
32,67	41,22
32,69	41,43
32,72	41,21
32,74	41,43
32,77	41,18
32,79	41,33
32,82	41,01
32,84	41,19
32,86	40,91
32,89	41,07
32,91	40,76
32,94	40,90
32,96	40,55
32,99	40,75
33,01	40,39
33,04	40,49
33,06	40,17
33,08	40,23
33,11	39,87
33,13	40,05
33,16	39,66
33,18	39,77
33,21	39,45
33,23	39,50
33,26	39,22
33,28	39,29
33,30	38,96
33,33	39,00
33,35	38,67
33,38	38,70
33,40	38,47
33,43	38,52
33,45	38,26
33,47	38,22
33,50	37,96
33,52	37,97
33,55	37,79
33,57	37,73
33,60	37,55
33,62	37,47
33,65	37,26
33,67	37,25
33,69	37,12
33,72	37,06
33,74	36,94
33,77	36,77
33,79	36,63
33,82	36,56
33,84	36,49
33,87	36,40
33,89	36,33
33,91	36,16
33,94	36,10
33,96	35,98
33,99	35,99
34,01	35,88
34,04	35,89
34,06	35,67
34,09	35,68
34,11	35,55
34,13	35,70
34,16	35,56
34,18	35,63
34,21	35,39
34,23	35,49
34,26	35,32
34,28	35,49
34,31	35,29
34,33	35,43
34,35	35,18
34,38	35,38
34,40	35,22
34,43	35,49
34,45	35,32
34,48	35,56
34,50	35,32
34,52	35,60
34,55	35,39
34,57	35,63
34,60	35,42
34,62	35,58
34,65	35,32
34,67	35,64
34,70	35,43
34,72	35,75
34,74	35,61
34,77	35,87
34,79	35,75
34,82	36,14
34,84	35,95
34,87	36,25
34,89	36,10
34,92	36,38
34,94	36,27
34,96	36,62
34,99	36,49
35,01	36,81
35,04	36,70
35,06	37,00
35,09	36,97
35,11	37,32
35,14	37,32
35,16	37,58
35,18	37,52
35,21	37,85
35,23	37,89
35,26	38,22
35,28	38,26
35,31	38,47
35,33	38,50
35,36	38,79
35,38	38,91
35,40	39,21
35,43	39,31
35,45	39,53
35,48	39,65
35,50	39,92
35,53	40,15
35,55	40,41
35,57	40,59
35,60	40,80
35,62	40,93
35,65	41,18
35,67	41,46
35,70	41,67
35,72	41,96
35,75	42,10
35,77	42,34
35,79	42,60
35,82	42,98
35,84	43,19
35,87	43,59
35,89	43,68
35,92	44,01
35,94	44,21
35,97	44,66
35,99	44,83
36,01	45,23
36,04	45,27
36,06	45,73
36,09	45,92
36,11	46,40
36,14	46,53
36,16	46,97
36,19	47,07
36,21	47,61
36,23	47,71
36,26	48,25
36,28	48,35
36,31	48,78
36,33	48,87
36,36	49,24
36,38	49,28
36,41	49,61
36,43	49,63
36,45	49,83
36,48	49,83
36,50	49,94
36,53	49,94
36,55	50,00
36,58	50,00
36,60	50,00
36,62	50,00
36,65	50,00
36,67	50,00
36,70	50,00
36,72	50,00
36,75	50,00
36,77	50,00
36,80	50,00
36,82	50,00
36,84	50,00
36,87	50,00
36,89	50,00
36,92	50,00
36,94	50,00
36,97	50,00
36,99	50,00
37,02	50,00
37,04	50,00
37,06	50,00
37,09	50,00
37,11	50,00
37,14	50,00
37,16	50,00
37,19	50,00
37,21	50,00
37,24	50,00
37,26	50,00
37,28	50,00
37,31	50,00
37,33	50,00
37,36	50,00
37,38	50,00
37,41	50,00
37,43	50,00
37,46	50,00
37,48	50,00
37,50	50,00
37,53	50,00
37,55	50,00
37,58	50,00
37,60	50,00
37,63	50,00
37,65	50,00
37,68	50,00
37,70	50,00
37,72	50,00
37,75	50,00
37,77	50,00
37,80	50,00
37,82	50,00
37,85	50,00
37,87	50,00
37,89	50,00
37,92	50,00
37,94	50,00
37,97	50,00
37,99	50,00
38,02	50,00
38,04	50,00
38,07	50,00
38,09	50,00
38,11	50,00
38,14	50,00
38,16	50,00
38,19	50,00
38,21	50,00
38,24	50,00
38,26	50,00
38,29	50,00
38,31	50,00
38,33	50,00
38,36	50,00
38,38	50,00
38,41	50,00
38,43	50,00
38,46	50,00
38,48	50,00
38,51	50,00
38,53	50,00
38,55	50,00
38,58	50,00
38,60	50,00
38,63	50,00
38,65	50,00
38,68	50,00
38,70	50,00
38,73	50,00
38,75	50,00
38,77	50,00
38,80	50,00
38,82	50,00
38,85	50,00
38,87	50,00
38,90	50,00
38,92	50,00
38,94	50,00
38,97	50,00
38,99	50,00
39,02	50,00
39,04	50,00
39,07	50,00
39,09	50,00
39,12	50,00
39,14	50,00
39,16	50,00
39,19	50,00
39,21	50,00
39,24	50,00
39,26	50,00
39,29	50,00
39,31	50,00
39,34	50,00
39,36	50,00
39,38	50,00
39,41	50,00
39,43	50,00
39,46	50,00
39,48	50,00
39,51	50,00
39,53	50,00
39,56	50,00
39,58	50,00
39,60	50,00
39,63	50,00
39,65	50,00
39,68	50,00
39,70	50,00
39,73	50,00
39,75	50,00
39,78	50,00
39,80	50,00
39,82	50,00
39,85	50,00
39,87	50,00
39,90	50,00
39,92	50,00
39,95	50,00
39,97	50,00
39,99	50,00
40,02	50,00
40,04	50,00
40,07	50,00
40,09	50,00
40,12	50,00
40,14	50,00
40,17	50,00
40,19	50,00
40,21	50,00
40,24	50,00
40,26	50,00
40,29	50,00
40,31	50,00
40,34	50,00
40,36	50,00
40,39	50,00
40,41	50,00
40,43	50,00
40,46	50,00
40,48	50,00
40,51	50,00
40,53	50,00
40,56	50,00
40,58	50,00
40,61	50,00
40,63	50,00
40,65	50,00
40,68	50,00
40,70	50,00
40,73	50,00
40,75	50,00
40,78	50,00
40,80	50,00
40,83	50,00
40,85	50,00
40,87	50,00
40,90	50,00
40,92	50,00
40,95	50,00
40,97	50,00
41,00	50,00
41,02	50,00
41,05	50,00
41,07	50,00
41,09	50,00
41,12	50,00
41,14	50,00
41,17	50,00
41,19	50,00
41,22	50,00
41,24	50,00
41,26	50,00
41,29	50,00
41,31	50,00
41,34	50,00
41,36	50,00
41,39	50,00
41,41	50,00
41,44	50,00
41,46	50,00
41,48	50,00
41,51	50,00
41,53	50,00
41,56	50,00
41,58	50,00
41,61	50,00
41,63	50,00
41,66	50,00
41,68	50,00
41,70	50,00
41,73	50,00
41,75	50,00
41,78	50,00
41,80	50,00
41,83	50,00
41,85	50,00
41,88	50,00
41,90	50,00
41,92	50,00
41,95	50,00
41,97	50,00
42,00	50,00
42,02	50,00
42,05	50,00
42,07	50,00
42,10	50,00
42,12	50,00
42,14	50,00
42,17	50,00
42,19	50,00
42,22	50,00
42,24	50,00
42,27	50,00
42,29	50,00
42,31	50,00
42,34	50,00
42,36	50,00
42,39	50,00
42,41	50,00
42,44	50,00
42,46	50,00
42,49	50,00
42,51	50,00
42,53	50,00
42,56	50,00
42,58	50,00
42,61	50,00
42,63	50,00
42,66	50,00
42,68	50,00
42,71	50,00
42,73	50,00
42,75	50,00
42,78	50,00
42,80	50,00
42,83	50,00
42,85	50,00
42,88	50,00
42,90	50,00
42,93	50,00
42,95	50,00
42,97	50,00
43,00	50,00
43,02	50,00
43,05	50,00
43,07	50,00
43,10	50,00
43,12	50,00
43,15	50,00
43,17	50,00
43,19	50,00
43,22	50,00
43,24	50,00
43,27	50,00
43,29	50,00
43,32	50,00
43,34	50,00
43,36	50,00
43,39	50,00
43,41	50,00
43,44	50,00
43,46	50,00
43,49	50,00
43,51	50,00
43,54	50,00
43,56	50,00
43,58	50,00
43,61	50,00
43,63	50,00
43,66	50,00
43,68	50,00
43,71	50,00
43,73	50,00
43,76	50,00
43,78	50,00
43,80	50,00
43,83	50,00
43,85	50,00
43,88	50,00
43,90	50,00
43,93	50,00
43,95	50,00
43,98	50,00
44,00	50,00
44,02	50,00
44,05	50,00
44,07	50,00
44,10	50,00
44,12	50,00
44,15	50,00
44,17	50,00
44,20	50,00
44,22	50,00
44,24	50,00
44,27	50,00
44,29	50,00
44,32	50,00
44,34	50,00
44,37	50,00
44,39	50,00
44,41	50,00
44,44	50,00
44,46	50,00
44,49	50,00
44,51	50,00
44,54	50,00
44,56	50,00
44,59	50,00
44,61	50,00
44,63	50,00
44,66	50,00
44,68	50,00
44,71	50,00
44,73	50,00
44,76	50,00
44,78	50,00
44,81	50,00
44,83	50,00
44,85	50,00
44,88	50,00
44,90	50,00
44,93	50,00
44,95	50,00
44,98	50,00
45,00	50,00
45,03	50,00
45,05	50,00
45,07	50,00
45,10	50,00
45,12	50,00
45,15	50,00
45,17	50,00
45,20	50,00
45,22	50,00
45,25	50,00
45,27	50,00
45,29	50,00
45,32	50,00
45,34	50,00
45,37	50,00
45,39	50,00
45,42	50,00
45,44	50,00
45,47	50,00
45,49	50,00
45,51	50,00
45,54	50,00
45,56	50,00
45,59	50,00
45,61	50,00
45,64	50,00
45,66	50,00
45,68	50,00
45,71	50,00
45,73	50,00
45,76	50,00
45,78	50,00
45,81	50,00
45,83	50,00
45,86	50,00
45,88	50,00
45,90	50,00
45,93	50,00
45,95	50,00
45,98	50,00
46,00	50,00
46,03	50,00
46,05	50,00
46,08	50,00
46,10	50,00
46,12	50,00
46,15	50,00
46,17	50,00
46,20	50,00
46,22	50,00
46,25	50,00
46,27	50,00
46,30	50,00
46,32	50,00
46,34	50,00
46,37	50,00
46,39	50,00
46,42	50,00
46,44	50,00
46,47	50,00
46,49	50,00
46,52	50,00
46,54	50,00
46,56	50,00
46,59	50,00
46,61	50,00
46,64	50,00
46,66	50,00
46,69	50,00
46,71	50,00
46,73	50,00
46,76	50,00
46,78	50,00
46,81	50,00
46,83	50,00
46,86	50,00
46,88	50,00
46,91	50,00
46,93	50,00
46,95	50,00
46,98	50,00
47,00	50,00
47,03	50,00
47,05	50,00
47,08	50,00
47,10	50,00
47,13	50,00
47,15	50,00
47,17	50,00
47,20	50,00
47,22	50,00
47,25	50,00
47,27	50,00
47,30	50,00
47,32	50,00
47,35	50,00
47,37	50,00
47,39	50,00
47,42	50,00
47,44	50,00
47,47	50,00
47,49	50,00
47,52	50,00
47,54	50,00
47,57	50,00
47,59	50,00
47,61	50,00
47,64	50,00
47,66	50,00
47,69	50,00
47,71	50,00
47,74	50,00
47,76	50,00
47,78	50,00
47,81	50,00
47,83	50,00
47,86	50,00
47,88	50,00
47,91	50,00
47,93	50,00
47,96	50,00
47,98	50,00
48,00	50,00
48,03	50,00
48,05	50,00
48,08	50,00
48,10	50,00
48,13	50,00
48,15	50,00
48,18	50,00
48,20	50,00
48,22	50,00
48,25	50,00
48,27	50,00
48,30	50,00
48,32	50,00
48,35	50,00
48,37	50,00
48,40	50,00
48,42	50,00
48,44	50,00
48,47	50,00
48,49	50,00
48,52	50,00
48,54	50,00
48,57	50,00
48,59	50,00
48,62	50,00
48,64	50,00
48,66	50,00
48,69	50,00
48,71	50,00
48,74	50,00
48,76	50,00
48,79	50,00
48,81	50,00
48,84	50,00
48,86	50,00
48,88	50,00
48,91	50,00
48,93	50,00
48,96	50,00
48,98	50,00
49,01	50,00
49,03	50,00
49,05	50,00
49,08	50,00
49,10	50,00
49,13	50,00
49,15	50,00
49,18	50,00
49,20	50,00
49,23	50,00
49,25	50,00
49,27	50,00
49,30	50,00
49,32	50,00
49,35	50,00
49,37	50,00
49,40	50,00
49,42	50,00
49,45	50,00
49,47	50,00
49,49	50,00
49,52	50,00
49,54	50,00
49,57	50,00
49,59	50,00
49,62	50,00
49,64	50,00
49,67	50,00
49,69	50,00
49,71	50,00
49,74	50,00
49,76	50,00
49,79	50,00
49,81	50,00
49,84	50,00
49,86	50,00
49,89	50,00
49,91	50,00
49,93	50,00
49,96	50,00
49,98	50,00
50,01	50,00
50,03	50,00
50,06	50,00
50,08	50,00
50,10	50,00
50,13	50,00
50,15	50,00
50,18	50,00
50,20	50,00
50,23	50,00
50,25	50,00
50,28	50,00
50,30	50,00
50,32	50,00
50,35	50,00
50,37	50,00
50,40	50,00
50,42	50,00
50,45	50,00
50,47	50,00
50,50	50,00
50,52	50,00
50,54	50,00
50,57	50,00
50,59	50,00
50,62	50,00
50,64	50,00
50,67	50,00
50,69	50,00
50,72	50,00
50,74	50,00
50,76	50,00
50,79	50,00
50,81	50,00
50,84	50,00
50,86	50,00
50,89	50,00
50,91	50,00
50,94	50,00
50,96	50,00
50,98	50,00
51,01	50,00
51,03	50,00
51,06	50,00
51,08	50,00
51,11	50,00
51,13	50,00
51,15	50,00
51,18	50,00
51,20	50,00
51,23	50,00
51,25	50,00
51,28	50,00
51,30	50,00
51,33	50,00
51,35	50,00
51,37	50,00
51,40	50,00
51,42	50,00
51,45	50,00
51,47	50,00
51,50	50,00
51,52	50,00
51,55	50,00
51,57	50,00
51,59	50,00
51,62	50,00
51,64	50,00
51,67	50,00
51,69	50,00
51,72	50,00
51,74	50,00
51,77	50,00
51,79	50,00
51,81	50,00
51,84	50,00
51,86	50,00
51,89	50,00
51,91	50,00
51,94	50,00
51,96	50,00
51,99	50,00
52,01	50,00
52,03	50,00
52,06	50,00
52,08	50,00
52,11	50,00
52,13	50,00
52,16	50,00
52,18	50,00
52,20	50,00
52,23	50,00
52,25	50,00
52,28	50,00
52,30	50,00
52,33	50,00
52,35	50,00
52,38	50,00
52,40	50,00
52,42	50,00
52,45	50,00
52,47	50,00
52,50	50,00
52,52	50,00
52,55	50,00
52,57	50,00
52,60	50,00
52,62	50,00
52,64	50,00
52,67	50,00
52,69	50,00
52,72	50,00
52,74	50,00
52,77	50,00
52,79	50,00
52,82	50,00
52,84	50,00
52,86	50,00
52,89	50,00
52,91	50,00
52,94	50,00
52,96	50,00
52,99	50,00
53,01	50,00
53,04	50,00
53,06	50,00
53,08	50,00
53,11	50,00
53,13	50,00
53,16	50,00
53,18	50,00
53,21	50,00
53,23	50,00
53,26	50,00
53,28	50,00
53,30	50,00
53,33	50,00
53,35	50,00
53,38	50,00
53,40	50,00
53,43	50,00
53,45	50,00
53,47	50,00
53,50	50,00
53,52	50,00
53,55	50,00
53,57	50,00
53,60	50,00
53,62	50,00
53,65	50,00
53,67	50,00
53,69	50,00
53,72	50,00
53,74	50,00
53,77	50,00
53,79	50,00
53,82	50,00
53,84	50,00
53,87	50,00
53,89	50,00
53,91	50,00
53,94	50,00
53,96	50,00
53,99	50,00
54,01	50,00
54,04	50,00
54,06	50,00
54,09	50,00
54,11	50,00
54,13	50,00
54,16	50,00
54,18	50,00
54,21	50,00
54,23	50,00
54,26	50,00
54,28	50,00
54,31	50,00
54,33	50,00
54,35	50,00
54,38	50,00
54,40	50,00
54,43	50,00
54,45	50,00
54,48	50,00
54,50	50,00
54,52	50,00
54,55	50,00
54,57	50,00
54,60	50,00
54,62	50,00
54,65	50,00
54,67	50,00
54,70	50,00
54,72	50,00
54,74	50,00
54,77	50,00
54,79	50,00
54,82	50,00
54,84	50,00
54,87	50,00
54,89	50,00
54,92	50,00
54,94	50,00
54,96	50,00
54,99	50,00
55,01	50,00
55,04	50,00
55,06	50,00
55,09	50,00
55,11	50,00
55,14	50,00
55,16	50,00
55,18	50,00
55,21	50,00
55,23	50,00
55,26	50,00
55,28	50,00
55,31	50,00
55,33	50,00
55,36	50,00
55,38	50,00
55,40	50,00
55,43	50,00
55,45	50,00
55,48	50,00
55,50	50,00
55,53	50,00
55,55	50,00
55,57	50,00
55,60	50,00
55,62	50,00
55,65	50,00
55,67	50,00
55,70	50,00
55,72	50,00
55,75	50,00
55,77	50,00
55,79	50,00
55,82	50,00
55,84	50,00
55,87	50,00
55,89	50,00
55,92	50,00
55,94	50,00
55,97	50,00
55,99	50,00
56,01	50,00
56,04	50,00
56,06	50,00
56,09	50,00
56,11	50,00
56,14	50,00
56,16	50,00
56,19	50,00
56,21	50,00
56,23	50,00
56,26	50,00
56,28	50,00
56,31	50,00
56,33	50,00
56,36	50,00
56,38	50,00
56,41	50,00
56,43	50,00
56,45	50,00
56,48	50,00
56,50	50,00
56,53	50,00
56,55	50,00
56,58	50,00
56,60	50,00
56,62	50,00
56,65	50,00
56,67	50,00
56,70	50,00
56,72	50,00
56,75	50,00
56,77	50,00
56,80	50,00
56,82	50,00
56,84	50,00
56,87	50,00
56,89	50,00
56,92	50,00
