Voltage U1	Corriente IA
U1/V	IA/nA

0,02	0,57
0,04	0,51
0,07	0,61
0,09	0,60
0,12	0,73
0,14	0,58
0,17	0,68
0,19	0,60
0,21	0,77
0,24	0,64
0,26	0,77
0,29	0,56
0,31	0,74
0,34	0,61
0,36	0,79
0,39	0,61
0,41	0,78
0,43	0,58
0,46	0,76
0,48	0,58
0,51	0,79
0,53	0,61
0,56	0,78
0,58	0,57
0,61	0,77
0,63	0,59
0,65	0,76
0,68	0,55
0,70	0,70
0,73	0,52
0,75	0,73
0,78	0,54
0,80	0,68
0,83	0,51
0,85	0,66
0,87	0,51
0,90	0,69
0,92	0,49
0,95	0,62
0,97	0,48
1,00	0,60
1,02	0,46
1,05	0,63
1,07	0,47
1,09	0,57
1,12	0,44
1,14	0,54
1,17	0,47
1,19	0,60
1,22	0,50
1,24	0,57
1,26	0,46
1,29	0,55
1,31	0,53
1,34	0,60
1,36	0,53
1,39	0,55
1,41	0,51
1,44	0,57
1,46	0,59
1,48	0,60
1,51	0,61
1,53	0,58
1,56	0,57
1,58	0,59
1,61	0,66
1,63	0,65
1,66	0,71
1,68	0,61
1,70	0,66
1,73	0,60
1,75	0,71
1,78	0,64
1,80	0,73
1,83	0,57
1,85	0,65
1,88	0,55
1,90	0,72
1,92	0,60
1,95	0,72
1,97	0,56
2,00	0,69
2,02	0,57
2,05	0,79
2,07	0,61
2,10	0,77
2,12	0,58
2,14	0,76
2,17	0,62
2,19	0,81
2,22	0,61
2,24	0,78
2,27	0,57
2,29	0,77
2,31	0,58
2,34	0,75
2,36	0,55
2,39	0,70
2,41	0,52
2,44	0,74
2,46	0,54
2,49	0,68
2,51	0,52
2,53	0,65
2,56	0,50
2,58	0,68
2,61	0,46
2,63	0,60
2,66	0,46
2,68	0,57
2,71	0,47
2,73	0,60
2,75	0,46
2,78	0,58
2,80	0,44
2,83	0,54
2,85	0,48
2,88	0,58
2,90	0,50
2,93	0,55
2,95	0,43
2,97	0,52
3,00	0,49
3,02	0,55
3,05	0,52
3,07	0,54
3,10	0,49
3,12	0,55
3,15	0,57
3,17	0,61
3,19	0,63
3,22	0,58
3,24	0,57
3,27	0,54
3,29	0,62
3,32	0,60
3,34	0,66
3,36	0,57
3,39	0,59
3,41	0,55
3,44	0,69
3,46	0,60
3,49	0,70
3,51	0,55
3,54	0,64
3,56	0,57
3,58	0,74
3,61	0,61
3,63	0,76
3,66	0,57
3,68	0,70
3,71	0,58
3,73	0,76
3,76	0,58
3,78	0,77
3,80	0,59
3,83	0,77
3,85	0,62
3,88	0,82
3,90	0,65
3,93	0,81
3,95	0,58
3,98	0,78
4,00	0,59
4,02	0,75
4,05	0,55
4,07	0,69
4,10	0,51
4,12	0,71
4,15	0,52
4,17	0,67
4,20	0,51
4,22	0,66
4,24	0,50
4,27	0,68
4,29	0,48
4,32	0,61
4,34	0,45
4,37	0,57
4,39	0,45
4,42	0,59
4,44	0,46
4,46	0,56
4,49	0,43
4,51	0,56
4,54	0,47
4,56	0,60
4,59	0,51
4,61	0,56
4,63	0,48
4,66	0,57
4,68	0,52
4,71	0,61
4,73	0,55
4,76	0,55
4,78	0,51
4,81	0,55
4,83	0,56
4,85	0,59
4,88	0,59
4,90	0,56
4,93	0,54
4,95	0,54
4,98	0,64
5,00	0,62
5,03	0,68
5,05	0,58
5,07	0,62
5,10	0,59
5,12	0,72
5,15	0,62
5,17	0,73
5,20	0,57
5,22	0,68
5,25	0,61
5,27	0,77
5,29	0,65
5,32	0,79
5,34	0,59
5,37	0,76
5,39	0,63
5,42	0,80
5,44	0,64
5,47	0,79
5,49	0,58
5,51	0,77
5,54	0,60
5,56	0,82
5,59	0,63
5,61	0,78
5,64	0,58
5,66	0,78
5,68	0,59
5,71	0,78
5,73	0,57
5,76	0,72
5,78	0,54
5,81	0,75
5,83	0,55
5,86	0,71
5,88	0,51
5,90	0,66
5,93	0,51
5,95	0,69
5,98	0,48
6,00	0,62
6,03	0,46
6,05	0,58
6,08	0,46
6,10	0,62
6,12	0,49
6,15	0,59
6,17	0,46
6,20	0,56
6,22	0,49
6,25	0,61
6,27	0,50
6,30	0,54
6,32	0,44
6,34	0,53
6,37	0,51
6,39	0,59
6,42	0,53
6,44	0,58
6,47	0,53
6,49	0,60
6,52	0,62
6,54	0,64
6,56	0,65
6,59	0,62
6,61	0,58
6,64	0,58
6,66	0,65
6,69	0,62
6,71	0,71
6,73	0,59
6,76	0,64
6,78	0,60
6,81	0,74
6,83	0,69
6,86	0,80
6,88	0,61
6,91	0,72
6,93	0,62
6,95	0,79
6,98	0,65
7,00	0,77
7,03	0,59
7,05	0,75
7,08	0,62
7,10	0,82
7,13	0,66
7,15	0,82
7,17	0,63
7,20	0,81
7,22	0,64
7,25	0,84
7,27	0,64
7,30	0,81
7,32	0,59
7,35	0,79
7,37	0,60
7,39	0,76
7,42	0,56
7,44	0,72
7,47	0,53
7,49	0,75
7,52	0,55
7,54	0,69
7,57	0,54
7,59	0,69
7,61	0,52
7,64	0,71
7,66	0,49
7,69	0,64
7,71	0,50
7,74	0,61
7,76	0,50
7,78	0,66
7,81	0,52
7,83	0,64
7,86	0,50
7,88	0,60
7,91	0,55
7,93	0,67
7,96	0,57
7,98	0,63
8,00	0,51
8,03	0,61
8,05	0,59
8,08	0,62
8,10	0,59
8,13	0,60
8,15	0,55
8,18	0,61
8,20	0,63
8,22	0,67
8,25	0,69
8,27	0,64
8,30	0,66
8,32	0,66
8,35	0,74
8,37	0,73
8,40	0,77
8,42	0,66
8,44	0,70
8,47	0,63
8,49	0,77
8,52	0,69
8,54	0,79
8,57	0,66
8,59	0,76
8,62	0,67
8,64	0,87
8,66	0,74
8,69	0,89
8,71	0,70
8,74	0,88
8,76	0,74
8,79	0,94
8,81	0,75
8,84	0,93
8,86	0,71
8,88	0,91
8,91	0,72
8,93	0,93
8,96	0,73
8,98	0,90
9,01	0,66
9,03	0,91
9,05	0,69
9,08	0,86
9,10	0,66
9,13	0,80
9,15	0,60
9,18	0,83
9,20	0,59
9,23	0,76
9,25	0,58
9,27	0,73
9,30	0,58
9,32	0,78
9,35	0,59
9,37	0,77
9,40	0,60
9,42	0,75
9,45	0,64
9,47	0,80
9,49	0,68
9,52	0,78
9,54	0,61
9,57	0,75
9,59	0,67
9,62	0,79
9,64	0,71
9,67	0,76
9,69	0,66
9,71	0,77
9,74	0,74
9,76	0,84
9,79	0,80
9,81	0,80
9,84	0,76
9,86	0,79
9,89	0,81
9,91	0,84
9,93	0,84
9,96	0,79
9,98	0,78
10,01	0,76
10,03	0,87
10,06	0,86
10,08	0,94
10,10	0,85
10,13	0,89
10,15	0,85
10,18	0,99
10,20	0,91
10,23	1,02
10,25	0,84
10,28	0,94
10,30	0,86
10,32	1,02
10,35	0,89
10,37	1,03
10,40	0,84
10,42	1,03
10,45	0,88
10,47	1,07
10,50	0,94
10,52	1,11
10,54	0,89
10,57	1,08
10,59	0,87
10,62	1,08
10,64	0,89
10,67	1,04
10,69	0,82
10,72	1,03
10,74	0,82
10,76	1,02
10,79	0,81
10,81	0,95
10,84	0,75
10,86	0,98
10,89	0,78
10,91	0,95
10,94	0,77
10,96	0,95
10,98	0,79
11,01	0,99
11,03	0,81
11,06	0,94
11,08	0,77
11,11	0,90
11,13	0,78
11,15	0,95
11,18	0,83
11,20	0,90
11,23	0,80
11,25	0,93
11,28	0,86
11,30	0,98
11,33	0,89
11,35	0,93
11,37	0,84
11,40	0,93
11,42	0,90
11,45	0,95
11,47	0,91
11,50	0,94
11,52	0,91
11,55	0,97
11,57	1,01
11,59	1,04
11,62	1,08
11,64	1,04
11,67	1,03
11,69	1,03
11,72	1,11
11,74	1,09
11,77	1,18
11,79	1,05
11,81	1,09
11,84	1,05
11,86	1,20
11,89	1,13
11,91	1,23
11,94	1,05
11,96	1,22
11,99	1,13
12,01	1,29
12,03	1,14
12,06	1,28
12,08	1,09
12,11	1,28
12,13	1,12
12,16	1,32
12,18	1,14
12,21	1,32
12,23	1,12
12,25	1,32
12,28	1,12
12,30	1,33
12,33	1,13
12,35	1,31
12,38	1,08
12,40	1,30
12,42	1,10
12,45	1,28
12,47	1,08
12,50	1,26
12,52	1,05
12,55	1,28
12,57	1,09
12,60	1,25
12,62	1,10
12,64	1,25
12,67	1,08
12,69	1,31
12,72	1,12
12,74	1,25
12,77	1,09
12,79	1,22
12,82	1,13
12,84	1,29
12,86	1,16
12,89	1,26
12,91	1,11
12,94	1,24
12,96	1,19
12,99	1,30
13,01	1,23
13,04	1,28
13,06	1,20
13,08	1,32
13,11	1,31
13,13	1,36
13,16	1,34
13,18	1,34
13,21	1,30
13,23	1,35
13,26	1,37
13,28	1,39
13,30	1,43
13,33	1,35
13,35	1,36
13,38	1,36
13,40	1,44
13,43	1,43
13,45	1,53
13,47	1,40
13,50	1,47
13,52	1,41
13,55	1,56
13,57	1,47
13,60	1,58
13,62	1,40
13,65	1,51
13,67	1,42
13,69	1,62
13,72	1,47
13,74	1,62
13,77	1,42
13,79	1,61
13,82	1,48
13,84	1,68
13,87	1,48
13,89	1,65
13,91	1,44
13,94	1,64
13,96	1,45
13,99	1,64
14,01	1,44
14,04	1,62
14,06	1,39
14,09	1,62
14,11	1,40
14,13	1,56
14,16	1,38
14,18	1,52
14,21	1,32
14,23	1,55
14,26	1,33
14,28	1,51
14,31	1,34
14,33	1,49
14,35	1,35
14,38	1,53
14,40	1,35
14,43	1,49
14,45	1,33
14,48	1,45
14,50	1,36
14,52	1,50
14,55	1,40
14,57	1,49
14,60	1,35
14,62	1,47
14,65	1,41
14,67	1,51
14,70	1,46
14,72	1,49
14,74	1,43
14,77	1,53
14,79	1,52
14,82	1,59
14,84	1,57
14,87	1,53
14,89	1,50
14,92	1,51
14,94	1,55
14,96	1,56
14,99	1,58
15,01	1,51
15,04	1,54
15,06	1,52
15,09	1,63
15,11	1,55
15,14	1,64
15,16	1,53
15,18	1,61
15,21	1,53
15,23	1,67
15,26	1,57
15,28	1,72
15,31	1,53
15,33	1,64
15,36	1,53
15,38	1,72
15,40	1,59
15,43	1,76
15,45	1,57
15,48	1,76
15,50	1,61
15,53	1,81
15,55	1,63
15,57	1,80
15,60	1,56
15,62	1,78
15,65	1,57
15,67	1,76
15,70	1,57
15,72	1,72
15,75	1,50
15,77	1,74
15,79	1,51
15,82	1,70
15,84	1,49
15,87	1,64
15,89	1,48
15,92	1,71
15,94	1,50
15,97	1,66
15,99	1,49
16,01	1,66
16,04	1,53
16,06	1,69
16,09	1,54
16,11	1,67
16,14	1,52
16,16	1,68
16,19	1,59
16,21	1,74
16,23	1,65
16,26	1,73
16,28	1,65
16,31	1,77
16,33	1,71
16,36	1,83
16,38	1,77
16,41	1,81
16,43	1,75
16,45	1,80
16,48	1,82
16,50	1,88
16,53	1,87
16,55	1,85
16,58	1,82
16,60	1,85
16,63	1,94
16,65	1,95
16,67	2,00
16,70	1,94
16,72	1,98
16,75	1,99
16,77	2,10
16,80	2,03
16,82	2,14
16,84	1,99
16,87	2,10
16,89	2,07
16,92	2,24
16,94	2,14
16,97	2,29
16,99	2,12
17,02	2,29
17,04	2,18
17,06	2,34
17,09	2,20
17,11	2,37
17,14	2,16
17,16	2,38
17,19	2,22
17,21	2,45
17,24	2,28
17,26	2,45
17,28	2,25
17,31	2,48
17,33	2,27
17,36	2,49
17,38	2,29
17,41	2,46
17,43	2,25
17,46	2,49
17,48	2,28
17,50	2,47
17,53	2,28
17,55	2,44
17,58	2,28
17,60	2,51
17,63	2,34
17,65	2,51
17,68	2,36
17,70	2,52
17,72	2,40
17,75	2,61
17,77	2,47
17,80	2,56
17,82	2,43
17,85	2,56
17,87	2,48
17,89	2,61
17,92	2,51
17,94	2,57
17,97	2,48
17,99	2,58
18,02	2,57
18,04	2,67
18,07	2,64
18,09	2,69
18,11	2,64
18,14	2,71
18,16	2,74
18,19	2,77
18,21	2,78
18,24	2,75
18,26	2,71
18,29	2,73
18,31	2,80
18,33	2,78
18,36	2,86
18,38	2,77
18,41	2,82
18,43	2,78
18,46	2,90
18,48	2,84
18,51	2,94
18,53	2,75
18,55	2,85
18,58	2,73
18,60	2,89
18,63	2,77
18,65	2,91
18,68	2,71
18,70	2,87
18,73	2,72
18,75	2,94
18,77	2,75
18,80	2,90
18,82	2,70
18,85	2,89
18,87	2,71
18,90	2,91
18,92	2,70
18,94	2,87
18,97	2,64
18,99	2,84
19,02	2,62
19,04	2,79
19,07	2,58
19,09	2,75
19,12	2,54
19,14	2,76
19,16	2,54
19,19	2,69
19,21	2,54
19,24	2,67
19,26	2,49
19,29	2,69
19,31	2,49
19,34	2,63
19,36	2,46
19,38	2,57
19,41	2,46
19,43	2,60
19,46	2,45
19,48	2,54
19,51	2,41
19,53	2,52
19,56	2,45
19,58	2,55
19,60	2,47
19,63	2,52
19,65	2,41
19,68	2,49
19,70	2,47
19,73	2,52
19,75	2,50
19,78	2,48
19,80	2,42
19,82	2,48
19,85	2,51
19,87	2,51
19,90	2,51
19,92	2,45
19,95	2,49
19,97	2,49
19,99	2,54
20,02	2,51
20,04	2,56
20,07	2,47
20,09	2,53
20,12	2,44
20,14	2,59
20,17	2,51
20,19	2,62
20,21	2,48
20,24	2,58
20,26	2,47
20,29	2,70
20,31	2,54
20,34	2,71
20,36	2,51
20,39	2,68
20,41	2,53
20,43	2,74
20,46	2,54
20,48	2,71
20,51	2,48
20,53	2,69
20,56	2,53
20,58	2,73
20,61	2,54
20,63	2,71
20,65	2,49
20,68	2,75
20,70	2,55
20,73	2,74
20,75	2,56
20,78	2,70
20,80	2,52
20,83	2,75
20,85	2,54
20,87	2,70
20,90	2,53
20,92	2,68
20,95	2,57
20,97	2,78
21,00	2,63
21,02	2,80
21,05	2,67
21,07	2,84
21,09	2,78
21,12	2,94
21,14	2,84
21,17	2,96
21,19	2,83
21,22	2,98
21,24	2,94
21,26	3,05
21,29	3,03
21,31	3,09
21,34	3,05
21,36	3,16
21,39	3,19
21,41	3,32
21,44	3,34
21,46	3,35
21,48	3,35
21,51	3,39
21,53	3,46
21,56	3,51
21,58	3,55
21,61	3,50
21,63	3,55
21,66	3,58
21,68	3,74
21,70	3,73
21,73	3,87
21,75	3,81
21,78	3,91
21,80	3,87
21,83	4,06
21,85	4,00
21,88	4,16
21,90	4,00
21,92	4,14
21,95	4,07
21,97	4,29
22,00	4,16
22,02	4,35
22,05	4,16
22,07	4,40
22,10	4,27
22,12	4,51
22,14	4,38
22,17	4,58
22,19	4,38
22,22	4,63
22,24	4,44
22,27	4,67
22,29	4,48
22,31	4,63
22,34	4,44
22,36	4,69
22,39	4,48
22,41	4,70
22,44	4,51
22,46	4,69
22,49	4,58
22,51	4,82
22,53	4,63
22,56	4,81
22,58	4,65
22,61	4,80
22,63	4,69
22,66	4,84
22,68	4,70
22,71	4,83
22,73	4,68
22,75	4,82
22,78	4,74
22,80	4,87
22,83	4,78
22,85	4,84
22,88	4,76
22,90	4,87
22,93	4,84
22,95	4,92
22,97	4,86
23,00	4,85
23,02	4,78
23,05	4,82
23,07	4,83
23,10	4,84
23,12	4,84
23,15	4,81
23,17	4,79
23,19	4,80
23,22	4,87
23,24	4,83
23,27	4,88
23,29	4,78
23,32	4,81
23,34	4,73
23,36	4,86
23,39	4,76
23,41	4,86
23,44	4,67
23,46	4,75
23,49	4,64
23,51	4,81
23,54	4,64
23,56	4,76
23,58	4,53
23,61	4,70
23,63	4,53
23,66	4,70
23,68	4,50
23,71	4,62
23,73	4,38
23,76	4,57
23,78	4,34
23,80	4,54
23,83	4,30
23,85	4,43
23,88	4,21
23,90	4,40
23,93	4,14
23,95	4,30
23,98	4,06
24,00	4,21
24,02	4,01
24,05	4,20
24,07	3,98
24,10	4,14
24,12	3,93
24,15	4,07
24,17	3,89
24,20	4,05
24,22	3,85
24,24	3,96
24,27	3,78
24,29	3,90
24,32	3,76
24,34	3,93
24,37	3,78
24,39	3,86
24,42	3,71
24,44	3,79
24,46	3,70
24,49	3,79
24,51	3,69
24,54	3,72
24,56	3,61
24,59	3,69
24,61	3,70
24,63	3,76
24,66	3,73
24,68	3,72
24,71	3,68
24,73	3,72
24,76	3,75
24,78	3,75
24,81	3,76
24,83	3,70
24,85	3,71
24,88	3,72
24,90	3,78
24,93	3,75
24,95	3,85
24,98	3,73
25,00	3,81
25,03	3,75
25,05	3,90
25,07	3,86
25,10	3,98
25,12	3,81
25,15	3,93
25,17	3,83
25,20	4,02
25,22	3,89
25,25	4,03
25,27	3,85
25,29	4,03
25,32	3,90
25,34	4,13
25,37	3,98
25,39	4,15
25,42	3,96
25,44	4,19
25,47	4,03
25,49	4,26
25,51	4,08
25,54	4,26
25,56	4,06
25,59	4,31
25,61	4,14
25,64	4,32
25,66	4,16
25,68	4,34
25,71	4,20
25,73	4,47
25,76	4,31
25,78	4,48
25,81	4,39
25,83	4,58
25,86	4,49
25,88	4,72
25,90	4,61
25,93	4,78
25,95	4,68
25,98	4,86
26,00	4,83
26,03	5,00
26,05	4,96
26,08	5,08
26,10	5,04
26,12	5,21
26,15	5,23
26,17	5,37
26,20	5,40
26,22	5,48
26,25	5,48
26,27	5,61
26,30	5,70
26,32	5,80
26,34	5,89
26,37	5,90
26,39	5,96
26,42	6,05
26,44	6,19
26,47	6,23
26,49	6,35
26,52	6,31
26,54	6,44
26,56	6,44
26,59	6,62
26,61	6,62
26,64	6,79
26,66	6,71
26,69	6,88
26,71	6,85
26,73	7,13
26,76	7,06
26,78	7,26
26,81	7,14
26,83	7,36
26,86	7,26
26,88	7,52
26,91	7,39
26,93	7,61
26,95	7,44
26,98	7,69
27,00	7,58
27,03	7,85
27,05	7,71
27,08	7,94
27,10	7,74
27,13	8,02
27,15	7,85
27,17	8,06
27,20	7,89
27,22	8,08
27,25	7,89
27,27	8,17
27,30	7,97
27,32	8,17
27,35	8,03
27,37	8,20
27,39	8,07
27,42	8,29
27,44	8,13
27,47	8,28
27,49	8,10
27,52	8,25
27,54	8,17
27,57	8,31
27,59	8,19
27,61	8,26
27,64	8,13
27,66	8,26
27,69	8,19
27,71	8,25
27,74	8,18
27,76	8,19
27,78	8,09
27,81	8,16
27,83	8,11
27,86	8,15
27,88	8,13
27,91	8,08
27,93	8,02
27,96	8,02
27,98	8,03
28,00	8,01
28,03	7,99
28,05	7,85
28,08	7,84
28,10	7,76
28,13	7,82
28,15	7,72
28,18	7,75
28,20	7,56
28,22	7,59
28,25	7,45
28,27	7,57
28,30	7,41
28,32	7,50
28,35	7,26
28,37	7,36
28,40	7,20
28,42	7,34
28,44	7,11
28,47	7,22
28,49	6,94
28,52	7,08
28,54	6,87
28,57	7,02
28,59	6,77
28,62	6,88
28,64	6,59
28,66	6,78
28,69	6,51
28,71	6,62
28,74	6,36
28,76	6,46
28,79	6,20
28,81	6,38
28,84	6,12
28,86	6,25
28,88	6,03
28,91	6,13
28,93	5,93
28,96	6,06
28,98	5,85
29,01	5,93
29,03	5,72
29,05	5,82
29,08	5,67
29,10	5,79
29,13	5,64
29,15	5,70
29,18	5,53
29,20	5,63
29,23	5,53
29,25	5,61
29,27	5,53
29,30	5,54
29,32	5,43
29,35	5,51
29,37	5,48
29,40	5,54
29,42	5,51
29,45	5,46
29,47	5,41
29,49	5,42
29,52	5,45
29,54	5,46
29,57	5,46
29,59	5,40
29,62	5,42
29,64	5,42
29,67	5,54
29,69	5,48
29,71	5,57
29,74	5,49
29,76	5,56
29,79	5,50
29,81	5,64
29,84	5,56
29,86	5,73
29,89	5,57
29,91	5,70
29,93	5,61
29,96	5,83
29,98	5,72
30,01	5,91
30,03	5,73
30,06	5,94
30,08	5,82
30,10	6,06
30,13	5,91
30,15	6,12
30,18	5,93
30,20	6,19
30,23	6,02
30,25	6,27
30,28	6,13
30,30	6,33
30,32	6,16
30,35	6,43
30,37	6,25
30,40	6,50
30,42	6,35
30,45	6,56
30,47	6,46
30,50	6,76
30,52	6,64
30,54	6,88
30,57	6,78
30,59	7,01
30,62	6,98
30,64	7,24
30,67	7,16
30,69	7,35
30,72	7,29
30,74	7,52
30,76	7,52
30,79	7,73
30,81	7,74
30,84	7,90
30,86	7,91
30,89	8,13
30,91	8,18
30,94	8,39
30,96	8,45
30,98	8,55
31,01	8,60
31,03	8,72
31,06	8,85
31,08	8,97
31,11	9,07
31,13	9,15
31,15	9,26
31,18	9,40
31,20	9,62
31,23	9,71
31,25	9,90
31,28	9,94
31,30	10,10
31,33	10,16
31,35	10,41
31,37	10,43
31,40	10,67
31,42	10,60
31,45	10,81
31,47	10,85
31,50	11,16
31,52	11,15
31,55	11,42
31,57	11,32
31,59	11,63
31,62	11,60
31,64	11,88
31,67	11,81
31,69	12,07
31,72	11,94
31,74	12,25
31,77	12,15
31,79	12,44
31,81	12,32
31,84	12,56
31,86	12,43
31,89	12,74
31,91	12,60
31,94	12,87
31,96	12,74
31,99	12,97
32,01	12,85
32,03	13,13
32,06	12,98
32,08	13,19
32,11	13,04
32,13	13,22
32,16	13,10
32,18	13,30
32,20	13,19
32,23	13,32
32,25	13,19
32,28	13,35
32,30	13,26
32,33	13,42
32,35	13,30
32,38	13,33
32,40	13,22
32,42	13,29
32,45	13,23
32,47	13,30
32,50	13,21
32,52	13,20
32,55	13,11
32,57	13,14
32,60	13,13
32,62	13,11
32,64	13,07
32,67	13,00
32,69	12,94
32,72	12,88
32,74	12,89
32,77	12,81
32,79	12,80
32,82	12,63
32,84	12,59
32,86	12,47
32,89	12,52
32,91	12,35
32,94	12,40
32,96	12,14
32,99	12,14
33,01	11,94
33,04	12,02
33,06	11,80
33,08	11,84
33,11	11,51
33,13	11,60
33,16	11,35
33,18	11,47
33,21	11,18
33,23	11,24
33,26	10,93
33,28	11,06
33,30	10,76
33,33	10,87
33,35	10,55
33,38	10,61
33,40	10,31
33,43	10,43
33,45	10,11
33,47	10,19
33,50	9,91
33,52	9,98
33,55	9,72
33,57	9,84
33,60	9,57
33,62	9,62
33,65	9,36
33,67	9,43
33,69	9,20
33,72	9,30
33,74	9,04
33,77	9,08
33,79	8,88
33,82	8,95
33,84	8,78
33,87	8,85
33,89	8,66
33,91	8,68
33,94	8,51
33,96	8,55
33,99	8,45
34,01	8,47
34,04	8,36
34,06	8,35
34,09	8,24
34,11	8,26
34,13	8,26
34,16	8,27
34,18	8,26
34,21	8,21
34,23	8,17
34,26	8,17
34,28	8,22
34,31	8,16
34,33	8,19
34,35	8,07
34,38	8,10
34,40	8,07
34,43	8,19
34,45	8,13
34,48	8,26
34,50	8,11
34,52	8,24
34,55	8,16
34,57	8,35
34,60	8,24
34,62	8,39
34,65	8,21
34,67	8,41
34,70	8,27
34,72	8,52
34,74	8,38
34,77	8,59
34,79	8,43
34,82	8,68
34,84	8,55
34,87	8,85
34,89	8,70
34,92	8,93
34,94	8,74
34,96	9,03
34,99	8,89
35,01	9,16
35,04	8,99
35,06	9,24
35,09	9,11
35,11	9,45
35,14	9,32
35,16	9,60
35,18	9,48
35,21	9,72
35,23	9,64
35,26	9,97
35,28	9,87
35,31	10,11
35,33	10,04
35,36	10,30
35,38	10,32
35,40	10,63
35,43	10,61
35,45	10,84
35,48	10,82
35,50	11,09
35,53	11,19
35,55	11,42
35,57	11,48
35,60	11,67
35,62	11,71
35,65	11,94
35,67	12,08
35,70	12,28
35,72	12,41
35,75	12,54
35,77	12,66
35,79	12,87
35,82	13,08
35,84	13,25
35,87	13,45
35,89	13,53
35,92	13,71
35,94	13,85
35,97	14,11
35,99	14,23
36,01	14,49
36,04	14,53
36,06	14,80
36,09	14,90
36,11	15,24
36,14	15,32
36,16	15,64
36,19	15,64
36,21	15,98
36,23	16,00
36,26	16,39
36,28	16,39
36,31	16,73
36,33	16,69
36,36	17,04
36,38	17,04
36,41	17,45
36,43	17,42
36,45	17,79
36,48	17,71
36,50	18,09
36,53	18,03
36,55	18,37
36,58	18,31
36,60	18,63
36,62	18,52
36,65	18,90
36,67	18,81
36,70	19,14
36,72	19,08
36,75	19,35
36,77	19,28
36,80	19,63
36,82	19,51
36,84	19,76
36,87	19,65
36,89	19,87
36,92	19,85
36,94	20,07
36,97	19,99
36,99	20,17
37,02	20,08
37,04	20,25
37,06	20,22
37,09	20,36
37,11	20,33
37,14	20,42
37,16	20,34
37,19	20,44
37,21	20,44
37,24	20,50
37,26	20,46
37,28	20,40
37,31	20,34
37,33	20,33
37,36	20,33
37,38	20,29
37,41	20,26
37,43	20,13
37,46	20,14
37,48	20,02
37,50	20,04
37,53	19,88
37,55	19,86
37,58	19,60
37,60	19,58
37,63	19,35
37,65	19,43
37,68	19,20
37,70	19,23
37,72	18,94
37,75	18,98
37,77	18,69
37,80	18,76
37,82	18,42
37,85	18,44
37,87	18,06
37,89	18,11
37,92	17,79
37,94	17,85
37,97	17,47
37,99	17,51
38,02	17,12
38,04	17,19
38,07	16,83
38,09	16,86
38,11	16,49
38,14	16,50
38,16	16,11
38,19	16,20
38,21	15,79
38,24	15,78
38,26	15,42
38,29	15,38
38,31	15,06
38,33	15,10
38,36	14,74
38,38	14,75
38,41	14,43
38,43	14,42
38,46	14,22
38,48	14,25
38,51	13,99
38,53	13,96
38,55	13,68
38,58	13,68
38,60	13,50
38,63	13,46
38,65	13,25
38,68	13,18
38,70	12,99
38,73	13,00
38,75	12,88
38,77	12,86
38,80	12,76
38,82	12,66
38,85	12,55
38,87	12,50
38,90	12,45
38,92	12,43
38,94	12,39
38,97	12,26
38,99	12,22
39,02	12,15
39,04	12,21
39,07	12,13
39,09	12,18
39,12	12,02
39,14	12,05
39,16	11,94
39,19	12,10
39,21	11,98
39,24	12,08
39,26	11,88
39,29	12,00
39,31	11,91
39,34	12,12
39,36	11,96
39,38	12,13
39,41	11,94
39,43	12,17
39,46	12,05
39,48	12,27
39,51	12,10
39,53	12,32
39,56	12,14
39,58	12,42
39,60	12,27
39,63	12,52
39,65	12,42
39,68	12,65
39,70	12,49
39,73	12,80
39,75	12,66
39,78	12,93
39,80	12,83
39,82	13,06
39,85	12,98
39,87	13,29
39,90	13,20
39,92	13,47
39,95	13,40
39,97	13,67
39,99	13,67
40,02	14,01
40,04	14,02
40,07	14,27
40,09	14,25
40,12	14,53
40,14	14,58
40,17	14,84
40,19	14,90
40,21	15,07
40,24	15,13
40,26	15,41
40,29	15,57
40,31	15,84
40,34	15,99
40,36	16,15
40,39	16,34
40,41	16,59
40,43	16,78
40,46	16,96
40,48	17,16
40,51	17,29
40,53	17,49
40,56	17,67
40,58	17,94
40,61	18,14
40,63	18,43
40,65	18,57
40,68	18,86
40,70	19,05
40,73	19,44
40,75	19,60
40,78	19,95
40,80	20,02
40,83	20,33
40,85	20,46
40,87	20,85
40,90	20,93
40,92	21,30
40,95	21,35
40,97	21,78
41,00	21,90
41,02	22,36
41,05	22,46
41,07	22,87
41,09	22,90
41,12	23,36
41,14	23,38
41,17	23,79
41,19	23,82
41,22	24,20
41,24	24,17
41,26	24,62
41,29	24,60
41,31	25,04
41,34	25,05
41,36	25,44
41,39	25,48
41,41	25,96
41,44	25,99
41,46	26,41
41,48	26,42
41,51	26,80
41,53	26,82
41,56	27,20
41,58	27,21
41,61	27,49
41,63	27,48
41,66	27,79
41,68	27,83
41,70	28,13
41,73	28,16
41,75	28,34
41,78	28,34
41,80	28,57
41,83	28,64
41,85	28,84
41,88	28,87
41,90	28,95
41,92	28,98
41,95	29,09
41,97	29,17
42,00	29,23
42,02	29,25
42,05	29,22
42,07	29,22
42,10	29,22
42,12	29,26
42,14	29,21
42,17	29,25
42,19	29,14
42,22	29,15
42,24	29,05
42,27	29,15
42,29	29,03
42,31	29,08
42,34	28,81
42,36	28,81
42,39	28,62
42,41	28,70
42,44	28,42
42,46	28,45
42,49	28,11
42,51	28,16
42,53	27,88
42,56	27,94
42,58	27,60
42,61	27,60
42,63	27,21
42,66	27,22
42,68	26,86
42,71	26,86
42,73	26,44
42,75	26,40
42,78	25,99
42,80	25,99
42,83	25,58
42,85	25,52
42,88	25,13
42,90	25,09
42,93	24,70
42,95	24,72
42,97	24,34
43,00	24,27
43,02	23,92
43,05	23,83
43,07	23,46
43,10	23,42
43,12	23,05
43,15	22,93
43,17	22,58
43,19	22,47
43,22	22,18
43,24	22,14
43,27	21,83
43,29	21,68
43,32	21,40
43,34	21,30
43,36	21,08
43,39	20,96
43,41	20,71
43,44	20,54
43,46	20,27
43,49	20,14
43,51	19,97
43,54	19,82
43,56	19,65
43,58	19,48
43,61	19,32
43,63	19,22
43,66	19,16
43,68	19,03
43,71	18,98
43,73	18,77
43,76	18,67
43,78	18,52
43,80	18,50
43,83	18,33
43,85	18,35
43,88	18,10
43,90	18,12
43,93	17,97
43,95	18,05
43,98	17,89
44,00	17,96
44,02	17,69
44,05	17,81
44,07	17,62
44,10	17,76
44,12	17,57
44,15	17,70
44,17	17,48
44,20	17,66
44,22	17,48
44,24	17,69
44,27	17,49
44,29	17,67
44,32	17,48
44,34	17,72
44,37	17,55
44,39	17,78
44,41	17,64
44,44	17,87
44,46	17,72
44,49	18,00
44,51	17,86
44,54	18,11
44,56	18,01
44,59	18,26
44,61	18,18
44,63	18,49
44,66	18,40
44,68	18,65
44,71	18,60
44,73	18,87
44,76	18,85
44,78	19,17
44,81	19,17
44,83	19,44
44,85	19,45
44,88	19,75
44,90	19,86
44,93	20,16
44,95	20,23
44,98	20,46
45,00	20,52
45,03	20,81
45,05	20,99
45,07	21,24
45,10	21,40
45,12	21,62
45,15	21,80
45,17	22,09
45,20	22,34
45,22	22,58
45,25	22,84
45,27	23,04
45,29	23,29
45,32	23,55
45,34	23,85
45,37	24,06
45,39	24,37
45,42	24,52
45,44	24,84
45,47	25,03
45,49	25,41
45,51	25,64
45,54	26,03
45,56	26,18
45,59	26,58
45,61	26,80
45,64	27,29
45,66	27,46
45,68	27,85
45,71	27,97
45,73	28,41
45,76	28,55
45,78	29,00
45,81	29,13
45,83	29,61
45,86	29,73
45,88	30,22
45,90	30,36
45,93	30,90
45,95	31,03
45,98	31,51
46,00	31,55
46,03	32,04
46,05	32,18
46,08	32,67
46,10	32,75
46,12	33,20
46,15	33,29
46,17	33,89
46,20	34,03
46,22	34,49
46,25	34,62
46,27	35,07
46,30	35,24
46,32	35,75
46,34	35,86
46,37	36,26
46,39	36,36
46,42	36,74
46,44	36,93
46,47	37,31
46,49	37,41
46,52	37,71
46,54	37,83
46,56	38,18
46,59	38,36
46,61	38,63
46,64	38,77
46,66	38,99
46,69	39,09
46,71	39,33
46,73	39,48
46,76	39,66
46,78	39,84
46,81	39,93
46,83	40,03
46,86	40,15
46,88	40,31
46,91	40,42
46,93	40,56
46,95	40,53
46,98	40,64
47,00	40,64
47,03	40,78
47,05	40,78
47,08	40,87
47,10	40,73
47,13	40,79
47,15	40,69
47,17	40,86
47,20	40,73
47,22	40,79
47,25	40,57
47,27	40,64
47,30	40,41
47,32	40,50
47,35	40,18
47,37	40,21
47,39	39,89
47,42	39,95
47,44	39,65
47,47	39,74
47,49	39,41
47,52	39,46
47,54	39,09
47,57	39,13
47,59	38,74
47,61	38,71
47,64	38,30
47,66	38,21
47,69	37,76
47,71	37,75
47,74	37,29
47,76	37,20
47,78	36,83
47,81	36,74
47,83	36,37
47,86	36,32
47,88	35,91
47,91	35,82
47,93	35,40
47,96	35,22
47,98	34,86
48,00	34,72
48,03	34,32
48,05	34,11
48,08	33,67
48,10	33,52
48,13	33,21
48,15	33,03
48,18	32,73
48,20	32,52
48,22	32,18
48,25	32,04
48,27	31,75
48,30	31,55
48,32	31,25
48,35	30,95
48,37	30,65
48,40	30,43
48,42	30,21
48,44	30,01
48,47	29,80
48,49	29,53
48,52	29,35
48,54	29,14
48,57	29,03
48,59	28,80
48,62	28,68
48,64	28,38
48,66	28,27
48,69	28,04
48,71	28,03
48,74	27,78
48,76	27,75
48,79	27,43
48,81	27,38
48,84	27,21
48,86	27,15
48,88	26,90
48,91	26,91
48,93	26,69
48,96	26,79
48,98	26,62
49,01	26,61
49,03	26,48
49,05	26,54
49,08	26,39
49,10	26,49
49,13	26,28
49,15	26,36
49,18	26,23
49,20	26,40
49,23	26,29
49,25	26,44
49,27	26,23
49,30	26,44
49,32	26,31
49,35	26,55
49,37	26,44
49,40	26,65
49,42	26,51
49,45	26,80
49,47	26,70
49,49	27,01
49,52	26,90
49,54	27,15
49,57	27,05
49,59	27,38
49,62	27,29
49,64	27,60
49,67	27,54
49,69	27,88
49,71	27,85
49,74	28,24
49,76	28,23
49,79	28,58
49,81	28,59
49,84	28,94
49,86	28,96
49,89	29,35
49,91	29,39
49,93	29,72
49,96	29,78
49,98	30,15
50,01	30,29
50,03	30,73
50,06	30,86
50,08	31,20
50,10	31,37
50,13	31,78
50,15	32,03
50,18	32,43
50,20	32,61
50,23	32,93
50,25	33,13
50,28	33,48
50,30	33,76
50,32	34,09
50,35	34,38
50,37	34,71
50,40	35,03
50,42	35,42
50,45	35,84
50,47	36,20
50,50	36,60
50,52	36,90
50,54	37,23
50,57	37,58
50,59	38,00
50,62	38,29
50,64	38,71
50,67	38,93
50,69	39,37
50,72	39,72
50,74	40,23
50,76	40,58
50,79	41,08
50,81	41,33
50,84	41,86
50,86	42,18
50,89	42,69
50,91	42,91
50,94	43,41
50,96	43,59
50,98	44,14
51,01	44,36
51,03	44,92
51,06	45,22
51,08	45,80
51,11	46,01
51,13	46,65
51,15	46,83
51,18	47,46
51,20	47,68
51,23	48,22
51,25	48,33
51,28	48,81
51,30	48,94
51,33	49,35
51,35	49,46
51,37	49,67
51,40	49,69
51,42	49,91
51,45	49,91
51,47	50,00
51,50	50,00
51,52	50,00
51,55	50,00
51,57	50,00
51,59	50,00
51,62	50,00
51,64	50,00
51,67	50,00
51,69	50,00
51,72	50,00
51,74	50,00
51,77	50,00
51,79	50,00
51,81	50,00
51,84	50,00
51,86	50,00
51,89	50,00
51,91	50,00
51,94	50,00
51,96	50,00
51,99	50,00
52,01	50,00
52,03	50,00
52,06	50,00
52,08	50,00
52,11	50,00
52,13	50,00
52,16	50,00
52,18	50,00
52,20	50,00
52,23	50,00
52,25	50,00
52,28	50,00
52,30	50,00
52,33	50,00
52,35	50,00
52,38	50,00
52,40	50,00
52,42	50,00
52,45	50,00
52,47	50,00
52,50	50,00
52,52	50,00
52,55	50,00
52,57	50,00
52,60	50,00
52,62	50,00
52,64	50,00
52,67	50,00
52,69	50,00
52,72	50,00
52,74	50,00
52,77	50,00
52,79	50,00
52,82	50,00
52,84	50,00
52,86	50,00
52,89	49,94
52,91	49,94
52,94	49,75
52,96	49,75
52,99	49,51
53,01	49,40
53,04	49,09
53,06	48,93
53,08	48,55
53,11	48,44
53,13	48,00
53,16	47,82
53,18	47,33
53,21	47,14
53,23	46,75
53,26	46,58
53,28	46,18
53,30	45,95
53,33	45,56
53,35	45,41
53,38	45,10
53,40	44,93
53,43	44,60
53,45	44,38
53,47	44,05
53,50	43,88
53,52	43,59
53,55	43,40
53,57	43,09
53,60	42,84
53,62	42,58
53,65	42,36
53,67	42,16
53,69	41,99
53,72	41,79
53,74	41,56
53,77	41,38
53,79	41,19
53,82	41,12
53,84	40,94
53,87	40,85
53,89	40,61
53,91	40,54
53,94	40,37
53,96	40,41
53,99	40,23
54,01	40,26
54,04	40,02
54,06	40,03
54,09	39,88
54,11	40,01
54,13	39,80
54,16	39,91
54,18	39,69
54,21	39,85
54,23	39,73
54,26	39,94
54,28	39,77
54,31	39,97
54,33	39,78
54,35	40,02
54,38	39,85
54,40	40,09
54,43	39,97
54,45	40,18
54,48	40,04
54,50	40,36
54,52	40,25
54,55	40,57
54,57	40,53
54,60	40,79
54,62	40,78
54,65	41,15
54,67	41,14
54,70	41,53
54,72	41,53
54,74	41,85
54,77	41,91
54,79	42,30
54,82	42,35
54,84	42,67
54,87	42,71
54,89	43,09
54,92	43,25
54,94	43,70
54,96	43,88
54,99	44,27
55,01	44,45
55,04	44,90
55,06	45,19
55,09	45,63
55,11	45,85
55,14	46,17
55,16	46,40
55,18	46,79
55,21	47,10
55,23	47,46
55,26	47,80
55,28	48,18
55,31	48,55
55,33	48,98
55,36	49,31
55,38	49,56
55,40	49,74
55,43	49,85
55,45	49,94
55,48	50,00
55,50	50,00
55,53	50,00
55,55	50,00
55,57	50,00
55,60	50,00
55,62	50,00
55,65	50,00
55,67	50,00
55,70	50,00
55,72	50,00
55,75	50,00
55,77	50,00
55,79	50,00
55,82	50,00
55,84	50,00
55,87	50,00
55,89	50,00
55,92	50,00
55,94	50,00
55,97	50,00
55,99	50,00
56,01	50,00
56,04	50,00
56,06	50,00
56,09	50,00
56,11	50,00
56,14	50,00
56,16	50,00
56,19	50,00
56,21	50,00
56,23	50,00
56,26	50,00
56,28	50,00
56,31	50,00
56,33	50,00
56,36	50,00
56,38	50,00
56,41	50,00
56,43	50,00
56,45	50,00
56,48	50,00
56,50	50,00
56,53	50,00
56,55	50,00
56,58	50,00
56,60	50,00
56,62	50,00
56,65	50,00
56,67	50,00
56,70	50,00
56,72	50,00
56,75	50,00
56,77	50,00
56,80	50,00
56,82	50,00
56,84	50,00
56,87	50,00
56,89	50,00
56,92	50,00
56,94	50,00
56,97	50,00
56,99	50,00
57,02	50,00
57,04	50,00
57,06	50,00
57,09	50,00
57,11	50,00
57,14	50,00
57,16	50,00
57,19	50,00
57,21	50,00
57,24	50,00
57,26	50,00
57,28	50,00
57,31	50,00
57,33	50,00
57,36	50,00
57,38	50,00
57,41	50,00
57,43	50,00
57,46	50,00
57,48	50,00
57,50	50,00
57,53	50,00
57,55	50,00
57,58	50,00
57,60	50,00
57,63	50,00
57,65	50,00
57,68	50,00
57,70	50,00
57,72	50,00
57,75	50,00
57,77	50,00
57,80	50,00
57,82	50,00
57,85	50,00
57,87	50,00
57,89	50,00
57,92	50,00
57,94	50,00
57,97	50,00
57,99	50,00
58,02	50,00
58,04	50,00
58,07	50,00
58,09	50,00
58,11	50,00
58,14	50,00
58,16	50,00
58,19	50,00
58,21	50,00
58,24	50,00
58,26	50,00
58,29	50,00
58,31	50,00
58,33	50,00
58,36	50,00
58,38	50,00
58,41	50,00
58,43	50,00
58,46	50,00
58,48	50,00
58,51	50,00
58,53	50,00
58,55	50,00
58,58	50,00
58,60	50,00
58,63	50,00
58,65	50,00
58,68	50,00
58,70	50,00
58,73	50,00
58,75	50,00
58,77	50,00
58,80	50,00
58,82	50,00
58,85	50,00
58,87	50,00
58,90	50,00
58,92	50,00
58,94	50,00
58,97	50,00
58,99	50,00
59,02	50,00
59,04	50,00
59,07	50,00
59,09	50,00
59,12	50,00
59,14	50,00
59,16	50,00
59,19	50,00
59,21	50,00
59,24	50,00
59,26	50,00
59,29	50,00
59,31	50,00
59,34	50,00
59,36	50,00
59,38	50,00
59,41	50,00
59,43	50,00
59,46	50,00
59,48	50,00
59,51	50,00
59,53	50,00
59,56	50,00
59,58	50,00
59,60	50,00
59,63	50,00
59,65	50,00
59,68	50,00
59,70	50,00
59,73	50,00
59,75	50,00
59,78	50,00
59,80	50,00
59,82	50,00
59,85	50,00
59,87	50,00
59,90	50,00
59,92	50,00
59,95	50,00
59,97	50,00
59,99	50,00
