Voltage U1	Corriente IA
U1/V	IA/nA

0,02	0,67
0,04	0,75
0,07	0,64
0,09	0,67
0,12	0,58
0,14	0,74
0,17	0,64
0,19	0,80
0,21	0,61
0,24	0,79
0,26	0,65
0,29	0,85
0,31	0,66
0,34	0,79
0,36	0,59
0,39	0,76
0,41	0,58
0,43	0,78
0,46	0,58
0,48	0,75
0,51	0,55
0,53	0,75
0,56	0,58
0,58	0,73
0,61	0,53
0,63	0,68
0,65	0,51
0,68	0,71
0,70	0,51
0,73	0,63
0,75	0,47
0,78	0,61
0,80	0,46
0,83	0,63
0,85	0,45
0,87	0,56
0,90	0,45
0,92	0,55
0,95	0,45
0,97	0,59
1,00	0,47
1,02	0,54
1,05	0,43
1,07	0,52
1,09	0,48
1,12	0,57
1,14	0,50
1,17	0,56
1,19	0,48
1,22	0,56
1,24	0,57
1,26	0,61
1,29	0,59
1,31	0,58
1,34	0,54
1,36	0,57
1,39	0,61
1,41	0,59
1,44	0,63
1,46	0,55
1,48	0,56
1,51	0,53
1,53	0,62
1,56	0,59
1,58	0,68
1,61	0,55
1,63	0,66
1,66	0,59
1,68	0,74
1,70	0,64
1,73	0,73
1,75	0,56
1,78	0,69
1,80	0,56
1,83	0,74
1,85	0,58
1,88	0,73
1,90	0,56
1,92	0,74
1,95	0,60
1,97	0,80
2,00	0,62
2,02	0,79
2,05	0,59
2,07	0,77
2,10	0,59
2,12	0,77
2,14	0,57
2,17	0,73
2,19	0,54
2,22	0,74
2,24	0,55
2,27	0,69
2,29	0,51
2,31	0,65
2,34	0,48
2,36	0,69
2,39	0,49
2,41	0,62
2,44	0,49
2,46	0,59
2,49	0,45
2,51	0,60
2,53	0,42
2,56	0,54
2,58	0,41
2,61	0,51
2,63	0,45
2,66	0,59
2,68	0,49
2,71	0,57
2,73	0,44
2,75	0,54
2,78	0,51
2,80	0,58
2,83	0,53
2,85	0,56
2,88	0,50
2,90	0,58
2,93	0,55
2,95	0,59
2,97	0,59
3,00	0,55
3,02	0,53
3,05	0,55
3,07	0,59
3,10	0,64
3,12	0,69
3,15	0,60
3,17	0,63
3,19	0,57
3,22	0,69
3,24	0,62
3,27	0,69
3,29	0,54
3,32	0,62
3,34	0,55
3,36	0,73
3,39	0,60
3,41	0,72
3,44	0,54
3,46	0,68
3,49	0,57
3,51	0,75
3,54	0,60
3,56	0,77
3,58	0,58
3,61	0,76
3,63	0,61
3,66	0,79
3,68	0,61
3,71	0,77
3,73	0,56
3,76	0,76
3,78	0,58
3,80	0,75
3,83	0,57
3,85	0,71
3,88	0,53
3,90	0,73
3,93	0,53
3,95	0,67
3,98	0,50
4,00	0,64
4,02	0,49
4,05	0,65
4,07	0,46
4,10	0,60
4,12	0,46
4,15	0,57
4,17	0,45
4,20	0,60
4,22	0,48
4,24	0,58
4,27	0,44
4,29	0,54
4,32	0,49
4,34	0,62
4,37	0,55
4,39	0,58
4,42	0,47
4,44	0,56
4,46	0,52
4,49	0,59
4,51	0,52
4,54	0,52
4,56	0,50
4,59	0,56
4,61	0,58
4,63	0,61
4,66	0,62
4,68	0,58
4,71	0,57
4,73	0,53
4,76	0,62
4,78	0,59
4,81	0,66
4,83	0,57
4,85	0,61
4,88	0,57
4,90	0,73
4,93	0,65
4,95	0,77
4,98	0,61
5,00	0,70
5,03	0,63
5,05	0,79
5,07	0,66
5,10	0,80
5,12	0,61
5,15	0,77
5,17	0,64
5,20	0,80
5,22	0,64
5,25	0,81
5,27	0,60
5,29	0,79
5,32	0,62
5,34	0,82
5,37	0,65
5,39	0,81
5,42	0,59
5,44	0,80
5,47	0,61
5,49	0,78
5,51	0,57
5,54	0,70
5,56	0,53
5,59	0,73
5,61	0,52
5,64	0,68
5,66	0,51
5,68	0,65
5,71	0,50
5,73	0,68
5,76	0,50
5,78	0,64
5,81	0,48
5,83	0,62
5,86	0,50
5,88	0,66
5,90	0,54
5,93	0,62
5,95	0,49
5,98	0,61
6,00	0,53
6,03	0,66
6,05	0,57
6,08	0,61
6,10	0,52
6,12	0,61
6,15	0,58
6,17	0,64
6,20	0,60
6,22	0,62
6,25	0,56
6,27	0,60
6,30	0,64
6,32	0,66
6,34	0,68
6,37	0,63
6,39	0,64
6,42	0,65
6,44	0,75
6,47	0,71
6,49	0,78
6,52	0,68
6,54	0,74
6,56	0,69
6,59	0,81
6,61	0,74
6,64	0,84
6,66	0,69
6,69	0,83
6,71	0,74
6,73	0,89
6,76	0,77
6,78	0,91
6,81	0,72
6,83	0,90
6,86	0,73
6,88	0,92
6,91	0,76
6,93	0,92
6,95	0,71
6,98	0,89
7,00	0,71
7,03	0,92
7,05	0,73
7,08	0,88
7,10	0,68
7,13	0,89
7,15	0,70
7,17	0,86
7,20	0,65
7,22	0,79
7,25	0,60
7,27	0,82
7,30	0,65
7,32	0,80
7,35	0,64
7,37	0,78
7,39	0,64
7,42	0,84
7,44	0,66
7,47	0,77
7,49	0,62
7,52	0,74
7,54	0,66
7,57	0,82
7,59	0,71
7,61	0,80
7,64	0,67
7,66	0,78
7,69	0,75
7,71	0,81
7,74	0,75
7,76	0,80
7,78	0,72
7,81	0,82
7,83	0,81
7,86	0,87
7,88	0,87
7,91	0,85
7,93	0,82
7,96	0,86
7,98	0,90
8,00	0,91
8,03	0,97
8,05	0,91
8,08	0,93
8,10	0,91
8,13	1,01
8,15	0,99
8,18	1,09
8,20	0,96
8,22	1,02
8,25	0,96
8,27	1,10
8,30	0,99
8,32	1,10
8,35	0,92
8,37	1,03
8,40	0,94
8,42	1,13
8,44	0,97
8,47	1,13
8,49	0,95
8,52	1,13
8,54	0,98
8,57	1,19
8,59	1,01
8,62	1,19
8,64	0,98
8,66	1,16
8,69	0,97
8,71	1,16
8,74	0,96
8,76	1,14
8,79	0,92
8,81	1,14
8,84	0,94
8,86	1,12
8,88	0,94
8,91	1,09
8,93	0,88
8,96	1,10
8,98	0,89
9,01	1,04
9,03	0,89
9,05	1,03
9,08	0,90
9,10	1,09
9,13	0,94
9,15	1,08
9,18	0,92
9,20	1,03
9,23	0,97
9,25	1,10
9,27	1,00
9,30	1,07
9,32	0,95
9,35	1,08
9,37	1,05
9,40	1,11
9,42	1,07
9,45	1,11
9,47	1,05
9,49	1,16
9,52	1,16
9,54	1,21
9,57	1,21
9,59	1,19
9,62	1,19
9,64	1,21
9,67	1,28
9,69	1,28
9,71	1,32
9,74	1,25
9,76	1,28
9,79	1,24
9,81	1,35
9,84	1,27
9,86	1,35
9,89	1,22
9,91	1,30
9,93	1,24
9,96	1,42
9,98	1,32
10,01	1,45
10,03	1,29
10,06	1,44
10,08	1,33
10,10	1,51
10,13	1,33
10,15	1,49
10,18	1,29
10,20	1,48
10,23	1,35
10,25	1,55
10,28	1,37
10,30	1,54
10,32	1,32
10,35	1,55
10,37	1,36
10,40	1,53
10,42	1,34
10,45	1,48
10,47	1,27
10,50	1,49
10,52	1,27
10,54	1,43
10,57	1,26
10,59	1,39
10,62	1,25
10,64	1,46
10,67	1,28
10,69	1,46
10,72	1,30
10,74	1,43
10,76	1,33
10,79	1,50
10,81	1,37
10,84	1,47
10,86	1,32
10,89	1,45
10,91	1,37
10,94	1,49
10,96	1,44
10,98	1,49
11,01	1,40
11,03	1,52
11,06	1,48
11,08	1,60
11,11	1,56
11,13	1,56
11,15	1,52
11,18	1,58
11,20	1,60
11,23	1,65
11,25	1,64
11,28	1,61
11,30	1,59
11,33	1,60
11,35	1,67
11,37	1,67
11,40	1,73
11,42	1,67
11,45	1,73
11,47	1,70
11,50	1,83
11,52	1,78
11,55	1,87
11,57	1,72
11,59	1,80
11,62	1,72
11,64	1,90
11,67	1,79
11,69	1,95
11,72	1,78
11,74	1,94
11,77	1,82
11,79	2,01
11,81	1,88
11,84	2,04
11,86	1,82
11,89	2,02
11,91	1,85
11,94	2,05
11,96	1,88
11,99	2,03
12,01	1,83
12,03	2,04
12,06	1,85
12,08	2,06
12,11	1,88
12,13	2,03
12,16	1,88
12,18	2,10
12,21	1,91
12,23	2,07
12,25	1,90
12,28	2,06
12,30	1,92
12,33	2,09
12,35	1,94
12,38	2,08
12,40	1,93
12,42	2,09
12,45	1,98
12,47	2,15
12,50	2,05
12,52	2,12
12,55	2,02
12,57	2,15
12,60	2,08
12,62	2,21
12,64	2,11
12,67	2,17
12,69	2,10
12,72	2,19
12,74	2,18
12,77	2,25
12,79	2,23
12,82	2,26
12,84	2,23
12,86	2,27
12,89	2,32
12,91	2,36
12,94	2,38
12,96	2,32
12,99	2,33
13,01	2,34
13,04	2,43
13,06	2,39
13,08	2,47
13,11	2,37
13,13	2,44
13,16	2,39
13,18	2,51
13,21	2,44
13,23	2,55
13,26	2,40
13,28	2,54
13,30	2,45
13,33	2,63
13,35	2,51
13,38	2,63
13,40	2,44
13,43	2,61
13,45	2,45
13,47	2,66
13,50	2,48
13,52	2,65
13,55	2,46
13,57	2,66
13,60	2,47
13,62	2,69
13,65	2,49
13,67	2,66
13,69	2,44
13,72	2,65
13,74	2,45
13,77	2,62
13,79	2,40
13,82	2,55
13,84	2,36
13,87	2,58
13,89	2,39
13,91	2,56
13,94	2,40
13,96	2,55
13,99	2,41
14,01	2,64
14,04	2,47
14,06	2,58
14,09	2,43
14,11	2,54
14,13	2,45
14,16	2,59
14,18	2,46
14,21	2,54
14,23	2,42
14,26	2,53
14,28	2,51
14,31	2,60
14,33	2,54
14,35	2,59
14,38	2,52
14,40	2,62
14,43	2,62
14,45	2,67
14,48	2,65
14,50	2,64
14,52	2,59
14,55	2,62
14,57	2,66
14,60	2,67
14,62	2,72
14,65	2,66
14,67	2,70
14,70	2,68
14,72	2,78
14,74	2,77
14,77	2,87
14,79	2,73
14,82	2,79
14,84	2,69
14,87	2,84
14,89	2,74
14,92	2,83
14,94	2,65
14,96	2,78
14,99	2,69
15,01	2,91
15,04	2,76
15,06	2,92
15,09	2,75
15,11	2,94
15,14	2,80
15,16	3,00
15,18	2,82
15,21	2,99
15,23	2,78
15,26	2,98
15,28	2,80
15,31	2,97
15,33	2,78
15,36	2,95
15,38	2,75
15,40	2,98
15,43	2,78
15,45	2,94
15,48	2,83
15,50	2,99
15,53	2,82
15,55	3,05
15,57	2,83
15,60	2,99
15,62	2,85
15,65	2,95
15,67	2,86
15,70	3,03
15,72	2,91
15,75	3,06
15,77	2,92
15,79	3,06
15,82	3,01
15,84	3,14
15,87	3,07
15,89	3,15
15,92	3,06
15,94	3,19
15,97	3,18
15,99	3,27
16,01	3,25
16,04	3,27
16,06	3,24
16,09	3,31
16,11	3,34
16,14	3,39
16,16	3,43
16,19	3,40
16,21	3,46
16,23	3,48
16,26	3,57
16,28	3,58
16,31	3,64
16,33	3,57
16,36	3,64
16,38	3,58
16,41	3,75
16,43	3,70
16,45	3,83
16,48	3,74
16,50	3,87
16,53	3,82
16,55	4,03
16,58	3,93
16,60	4,11
16,63	3,95
16,65	4,14
16,67	4,03
16,70	4,23
16,72	4,08
16,75	4,28
16,77	4,08
16,80	4,29
16,82	4,15
16,84	4,38
16,87	4,24
16,89	4,43
16,92	4,23
16,94	4,51
16,97	4,34
16,99	4,53
17,02	4,36
17,04	4,49
17,06	4,32
17,09	4,57
17,11	4,36
17,14	4,56
17,16	4,40
17,19	4,57
17,21	4,48
17,24	4,69
17,26	4,55
17,28	4,71
17,31	4,56
17,33	4,72
17,36	4,66
17,38	4,83
17,41	4,75
17,43	4,84
17,46	4,74
17,48	4,88
17,50	4,83
17,53	4,93
17,55	4,88
17,58	4,92
17,60	4,89
17,63	4,99
17,65	4,99
17,68	5,10
17,70	5,09
17,72	5,09
17,75	5,07
17,77	5,07
17,80	5,12
17,82	5,13
17,85	5,15
17,87	5,09
17,89	5,11
17,92	5,09
17,94	5,22
17,97	5,20
17,99	5,29
18,02	5,18
18,04	5,24
18,07	5,19
18,09	5,34
18,11	5,24
18,14	5,34
18,16	5,16
18,19	5,28
18,21	5,18
18,24	5,34
18,26	5,18
18,29	5,33
18,31	5,12
18,33	5,32
18,36	5,16
18,38	5,35
18,41	5,19
18,43	5,34
18,46	5,11
18,48	5,30
18,51	5,09
18,53	5,25
18,55	5,03
18,58	5,16
18,60	4,94
18,63	5,13
18,65	4,92
18,68	5,08
18,70	4,90
18,73	5,03
18,75	4,84
18,77	5,04
18,80	4,86
18,82	5,00
18,85	4,81
18,87	4,95
18,90	4,83
18,92	5,00
18,94	4,87
18,97	4,94
18,99	4,78
19,02	4,90
19,04	4,81
19,07	4,93
19,09	4,83
19,12	4,85
19,14	4,78
19,16	4,87
19,19	4,84
19,21	4,90
19,24	4,85
19,26	4,85
19,29	4,80
19,31	4,84
19,34	4,86
19,36	4,87
19,38	4,88
19,41	4,85
19,43	4,83
19,46	4,81
19,48	4,91
19,51	4,88
19,53	4,97
19,56	4,88
19,58	4,91
19,60	4,87
19,63	5,02
19,65	4,94
19,68	5,06
19,70	4,87
19,73	4,98
19,75	4,89
19,78	5,06
19,80	4,95
19,82	5,08
19,85	4,91
19,87	5,11
19,90	4,97
19,92	5,18
19,95	5,02
19,97	5,19
19,99	4,99
20,02	5,19
20,04	5,02
20,07	5,24
20,09	5,05
20,12	5,22
20,14	5,03
20,17	5,27
20,19	5,08
20,21	5,26
20,24	5,08
20,26	5,27
20,29	5,10
20,31	5,33
20,34	5,16
20,36	5,35
20,39	5,21
20,41	5,40
20,43	5,26
20,46	5,48
20,48	5,36
20,51	5,52
20,53	5,41
20,56	5,57
20,58	5,49
20,61	5,70
20,63	5,63
20,65	5,72
20,68	5,63
20,70	5,77
20,73	5,77
20,75	5,90
20,78	5,89
20,80	5,96
20,83	5,93
20,85	6,05
20,87	6,11
20,90	6,20
20,92	6,24
20,95	6,26
20,97	6,28
21,00	6,37
21,02	6,47
21,05	6,51
21,07	6,62
21,09	6,60
21,12	6,68
21,14	6,72
21,17	6,90
21,19	6,91
21,22	7,07
21,24	6,99
21,26	7,14
21,29	7,13
21,31	7,33
21,34	7,28
21,36	7,46
21,39	7,34
21,41	7,56
21,44	7,51
21,46	7,76
21,48	7,68
21,51	7,90
21,53	7,77
21,56	8,00
21,58	7,90
21,61	8,16
21,63	8,05
21,66	8,25
21,68	8,10
21,70	8,36
21,73	8,25
21,75	8,49
21,78	8,36
21,80	8,58
21,83	8,46
21,85	8,75
21,88	8,64
21,90	8,87
21,92	8,76
21,95	8,95
21,97	8,83
22,00	9,09
22,02	8,94
22,05	9,09
22,07	8,97
22,10	9,12
22,12	9,06
22,14	9,27
22,17	9,17
22,19	9,30
22,22	9,19
22,24	9,36
22,27	9,34
22,29	9,44
22,31	9,39
22,34	9,47
22,36	9,42
22,39	9,53
22,41	9,53
22,44	9,60
22,46	9,62
22,49	9,62
22,51	9,58
22,53	9,61
22,56	9,64
22,58	9,65
22,61	9,70
22,63	9,64
22,66	9,66
22,68	9,63
22,71	9,72
22,73	9,69
22,75	9,76
22,78	9,60
22,80	9,66
22,83	9,57
22,85	9,72
22,88	9,60
22,90	9,68
22,93	9,50
22,95	9,57
22,97	9,43
23,00	9,61
23,02	9,41
23,05	9,54
23,07	9,33
23,10	9,47
23,12	9,32
23,15	9,50
23,17	9,27
23,19	9,42
23,22	9,17
23,24	9,33
23,27	9,10
23,29	9,25
23,32	9,01
23,34	9,15
23,36	8,90
23,39	9,09
23,41	8,84
23,44	8,98
23,46	8,76
23,49	8,88
23,51	8,65
23,54	8,83
23,56	8,58
23,58	8,70
23,61	8,51
23,63	8,61
23,66	8,45
23,68	8,60
23,71	8,43
23,73	8,53
23,76	8,36
23,78	8,45
23,80	8,37
23,83	8,47
23,85	8,36
23,88	8,38
23,90	8,26
23,93	8,33
23,95	8,29
23,98	8,32
24,00	8,27
24,02	8,25
24,05	8,19
24,07	8,25
24,10	8,25
24,12	8,26
24,15	8,27
24,17	8,22
24,20	8,22
24,22	8,21
24,24	8,25
24,27	8,22
24,29	8,27
24,32	8,15
24,34	8,21
24,37	8,14
24,39	8,27
24,42	8,20
24,44	8,31
24,46	8,16
24,49	8,27
24,51	8,17
24,54	8,37
24,56	8,24
24,59	8,38
24,61	8,22
24,63	8,42
24,66	8,30
24,68	8,51
24,71	8,34
24,73	8,53
24,76	8,33
24,78	8,53
24,81	8,39
24,83	8,61
24,85	8,45
24,88	8,64
24,90	8,45
24,93	8,73
24,95	8,57
24,98	8,75
25,00	8,61
25,03	8,79
25,05	8,64
25,07	8,91
25,10	8,73
25,12	8,94
25,15	8,81
25,17	9,00
25,20	8,92
25,22	9,16
25,25	9,05
25,27	9,28
25,29	9,17
25,32	9,37
25,34	9,36
25,37	9,57
25,39	9,54
25,42	9,67
25,44	9,59
25,47	9,78
25,49	9,80
25,51	9,96
25,54	9,98
25,56	10,07
25,59	10,10
25,61	10,27
25,64	10,36
25,66	10,53
25,68	10,61
25,71	10,67
25,73	10,76
25,76	10,86
25,78	11,01
25,81	11,08
25,83	11,18
25,86	11,20
25,88	11,32
25,90	11,36
25,93	11,57
25,95	11,61
25,98	11,81
26,00	11,82
26,03	12,03
26,05	12,08
26,08	12,37
26,10	12,39
26,12	12,63
26,15	12,58
26,17	12,81
26,20	12,80
26,22	13,09
26,25	13,03
26,27	13,31
26,30	13,23
26,32	13,52
26,34	13,47
26,37	13,79
26,39	13,75
26,42	14,03
26,44	13,91
26,47	14,23
26,49	14,14
26,52	14,41
26,54	14,31
26,56	14,54
26,59	14,42
26,61	14,75
26,64	14,64
26,66	14,93
26,69	14,86
26,71	15,11
26,73	15,07
26,76	15,36
26,78	15,28
26,81	15,51
26,83	15,42
26,86	15,63
26,88	15,59
26,91	15,82
26,93	15,77
26,95	15,90
26,98	15,82
27,00	16,03
27,03	16,03
27,05	16,19
27,08	16,18
27,10	16,26
27,13	16,26
27,15	16,41
27,17	16,42
27,20	16,52
27,22	16,51
27,25	16,51
27,27	16,49
27,30	16,53
27,32	16,59
27,35	16,60
27,37	16,64
27,39	16,59
27,42	16,60
27,44	16,57
27,47	16,69
27,49	16,63
27,52	16,72
27,54	16,58
27,57	16,65
27,59	16,56
27,61	16,69
27,64	16,53
27,66	16,62
27,69	16,38
27,71	16,48
27,74	16,31
27,76	16,45
27,78	16,25
27,81	16,35
27,83	16,08
27,86	16,25
27,88	16,02
27,91	16,18
27,93	15,94
27,96	16,02
27,98	15,72
28,00	15,87
28,03	15,57
28,05	15,67
28,08	15,38
28,10	15,44
28,13	15,19
28,15	15,35
28,18	15,07
28,20	15,18
28,22	14,93
28,25	15,00
28,27	14,76
28,30	14,88
28,32	14,63
28,35	14,70
28,37	14,46
28,40	14,53
28,42	14,33
28,44	14,43
28,47	14,23
28,49	14,24
28,52	14,03
28,54	14,08
28,57	13,95
28,59	14,05
28,62	13,91
28,64	13,90
28,66	13,76
28,69	13,79
28,71	13,72
28,74	13,73
28,76	13,64
28,79	13,59
28,81	13,50
28,84	13,49
28,86	13,50
28,88	13,47
28,91	13,44
28,93	13,38
28,96	13,35
28,98	13,30
29,01	13,38
29,03	13,32
29,05	13,39
29,08	13,26
29,10	13,28
29,13	13,21
29,15	13,34
29,18	13,23
29,20	13,34
29,23	13,16
29,25	13,30
29,27	13,20
29,30	13,37
29,32	13,27
29,35	13,43
29,37	13,24
29,40	13,43
29,42	13,25
29,45	13,48
29,47	13,34
29,49	13,51
29,52	13,33
29,54	13,56
29,57	13,40
29,59	13,65
29,62	13,49
29,64	13,66
29,67	13,51
29,69	13,76
29,71	13,60
29,74	13,84
29,76	13,70
29,79	13,92
29,81	13,82
29,84	14,09
29,86	13,99
29,89	14,21
29,91	14,12
29,93	14,34
29,96	14,28
29,98	14,53
30,01	14,46
30,03	14,64
30,06	14,60
30,08	14,80
30,10	14,80
30,13	15,02
30,15	15,01
30,18	15,18
30,20	15,19
30,23	15,40
30,25	15,49
30,28	15,69
30,30	15,76
30,32	15,90
30,35	15,96
30,37	16,12
30,40	16,26
30,42	16,41
30,45	16,56
30,47	16,66
30,50	16,81
30,52	16,96
30,54	17,20
30,57	17,33
30,59	17,57
30,62	17,59
30,64	17,80
30,67	17,88
30,69	18,14
30,72	18,20
30,74	18,45
30,76	18,42
30,79	18,74
30,81	18,79
30,84	19,13
30,86	19,17
30,89	19,48
30,91	19,46
30,94	19,82
30,96	19,81
30,98	20,19
31,01	20,18
31,03	20,51
31,06	20,48
31,08	20,85
31,11	20,79
31,13	21,18
31,15	21,14
31,18	21,49
31,20	21,43
31,23	21,85
31,25	21,85
31,28	22,23
31,30	22,21
31,33	22,57
31,35	22,51
31,37	22,92
31,40	22,87
31,42	23,18
31,45	23,15
31,47	23,49
31,50	23,47
31,52	23,91
31,55	23,93
31,57	24,24
31,59	24,24
31,62	24,52
31,64	24,60
31,67	24,94
31,69	24,95
31,72	25,13
31,74	25,13
31,77	25,38
31,79	25,49
31,81	25,67
31,84	25,69
31,86	25,83
31,89	25,90
31,91	26,07
31,94	26,19
31,96	26,32
31,99	26,40
32,01	26,46
32,03	26,52
32,06	26,60
32,08	26,69
32,11	26,71
32,13	26,82
32,16	26,75
32,18	26,85
32,20	26,82
32,23	26,96
32,25	26,96
32,28	27,09
32,30	26,93
32,33	27,07
32,35	26,96
32,38	27,14
32,40	26,98
32,42	27,09
32,45	26,86
32,47	26,98
32,50	26,75
32,52	26,94
32,55	26,68
32,57	26,82
32,60	26,53
32,62	26,67
32,64	26,43
32,67	26,59
32,69	26,28
32,72	26,38
32,74	26,04
32,77	26,21
32,79	25,93
32,82	26,00
32,84	25,71
32,86	25,79
32,89	25,50
32,91	25,65
32,94	25,33
32,96	25,34
32,99	25,09
33,01	25,12
33,04	24,84
33,06	24,91
33,08	24,62
33,11	24,62
33,13	24,37
33,16	24,37
33,18	24,19
33,21	24,20
33,23	24,01
33,26	23,95
33,28	23,73
33,30	23,73
33,33	23,59
33,35	23,55
33,38	23,41
33,40	23,30
33,43	23,14
33,45	23,09
33,47	23,01
33,50	22,94
33,52	22,86
33,55	22,68
33,57	22,57
33,60	22,49
33,62	22,46
33,65	22,35
33,67	22,33
33,69	22,13
33,72	22,13
33,74	21,99
33,77	22,06
33,79	21,92
33,82	21,96
33,84	21,71
33,87	21,75
33,89	21,58
33,91	21,74
33,94	21,53
33,96	21,61
33,99	21,37
34,01	21,50
34,04	21,31
34,06	21,49
34,09	21,28
34,11	21,45
34,13	21,21
34,16	21,39
34,18	21,19
34,21	21,40
34,23	21,19
34,26	21,37
34,28	21,12
34,31	21,36
34,33	21,16
34,35	21,37
34,38	21,20
34,40	21,40
34,43	21,21
34,45	21,52
34,48	21,35
34,50	21,56
34,52	21,42
34,55	21,62
34,57	21,51
34,60	21,76
34,62	21,63
34,65	21,84
34,67	21,75
34,70	21,97
34,72	21,98
34,74	22,27
34,77	22,27
34,79	22,48
34,82	22,47
34,84	22,73
34,87	22,80
34,89	22,99
34,92	23,02
34,94	23,18
34,96	23,22
34,99	23,46
35,01	23,59
35,04	23,78
35,06	23,93
35,09	24,06
35,11	24,20
35,14	24,39
35,16	24,62
35,18	24,77
35,21	24,98
35,23	25,04
35,26	25,22
35,28	25,33
35,31	25,61
35,33	25,69
35,36	25,97
35,38	26,01
35,40	26,29
35,43	26,43
35,45	26,83
35,48	26,90
35,50	27,24
35,53	27,29
35,55	27,65
35,57	27,74
35,60	28,13
35,62	28,13
35,65	28,52
35,67	28,51
35,70	28,87
35,72	28,93
35,75	29,39
35,77	29,44
35,79	29,89
35,82	29,87
35,84	30,38
35,87	30,42
35,89	30,82
35,92	30,83
35,94	31,20
35,97	31,20
35,99	31,71
36,01	31,69
36,04	32,13
36,06	32,20
36,09	32,64
36,11	32,74
36,14	33,20
36,16	33,27
36,19	33,73
36,21	33,81
36,23	34,21
36,26	34,32
36,28	34,74
36,31	34,88
36,33	35,20
36,36	35,27
36,38	35,66
36,41	35,87
36,43	36,25
36,45	36,44
36,48	36,74
36,50	36,92
36,53	37,24
36,55	37,46
36,58	37,76
36,60	37,94
36,62	38,09
36,65	38,23
36,67	38,43
36,70	38,65
36,72	38,79
36,75	39,00
36,77	39,10
36,80	39,31
36,82	39,46
36,84	39,76
36,87	39,87
36,89	40,13
36,92	40,13
36,94	40,34
36,97	40,37
36,99	40,65
37,02	40,61
37,04	40,86
37,06	40,76
37,09	41,01
37,11	40,97
37,14	41,25
37,16	41,14
37,19	41,40
37,21	41,24
37,24	41,49
37,26	41,32
37,28	41,57
37,31	41,39
37,33	41,57
37,36	41,30
37,38	41,53
37,41	41,28
37,43	41,42
37,46	41,17
37,48	41,28
37,50	41,01
37,53	41,19
37,55	40,89
37,58	40,99
37,60	40,71
37,63	40,75
37,65	40,52
37,68	40,62
37,70	40,36
37,72	40,41
37,75	40,13
37,77	40,17
37,80	39,95
37,82	39,94
37,85	39,70
37,87	39,60
37,89	39,31
37,92	39,30
37,94	39,09
37,97	39,04
37,99	38,83
38,02	38,70
38,04	38,49
38,07	38,39
38,09	38,18
38,11	38,06
38,14	37,84
38,16	37,62
38,19	37,40
38,21	37,20
38,24	37,08
38,26	36,88
38,29	36,75
38,31	36,48
38,33	36,36
38,36	36,13
38,38	36,12
38,41	35,88
38,43	35,84
38,46	35,53
38,48	35,48
38,51	35,21
38,53	35,22
38,55	34,93
38,58	34,92
38,60	34,55
38,63	34,55
38,65	34,26
38,68	34,33
38,70	34,02
38,73	34,05
38,75	33,69
38,77	33,81
38,80	33,52
38,82	33,63
38,85	33,33
38,87	33,39
38,90	33,07
38,92	33,21
38,94	32,88
38,97	32,98
38,99	32,68
39,02	32,78
39,04	32,52
39,07	32,70
39,09	32,45
39,12	32,61
39,14	32,40
39,16	32,56
39,19	32,38
39,21	32,56
39,24	32,38
39,26	32,51
39,29	32,33
39,31	32,51
39,34	32,40
39,36	32,63
39,38	32,57
39,41	32,67
39,43	32,57
39,46	32,74
39,48	32,70
39,51	32,91
39,53	32,86
39,56	32,96
39,58	32,98
39,60	33,14
39,63	33,24
39,65	33,44
39,68	33,49
39,70	33,60
39,73	33,66
39,75	33,80
39,78	33,98
39,80	34,11
39,82	34,25
39,85	34,33
39,87	34,48
39,90	34,61
39,92	34,90
39,95	35,03
39,97	35,31
39,99	35,38
40,02	35,63
40,04	35,78
40,07	36,12
40,09	36,18
40,12	36,49
40,14	36,49
40,17	36,81
40,19	36,88
40,21	37,25
40,24	37,34
40,26	37,73
40,29	37,73
40,31	38,15
40,34	38,23
40,36	38,70
40,39	38,79
40,41	39,23
40,43	39,22
40,46	39,66
40,48	39,69
40,51	40,15
40,53	40,19
40,56	40,61
40,58	40,62
40,61	41,18
40,63	41,28
40,65	41,79
40,68	41,90
40,70	42,39
40,73	42,49
40,75	43,03
40,78	43,11
40,80	43,57
40,83	43,66
40,85	44,12
40,87	44,26
40,90	44,79
40,92	44,96
40,95	45,42
40,97	45,65
41,00	46,15
41,02	46,43
41,05	46,94
41,07	47,19
41,09	47,58
41,12	47,81
41,14	48,23
41,17	48,51
41,19	48,86
41,22	49,07
41,24	49,33
41,26	49,53
41,29	49,78
41,31	49,89
41,34	49,98
41,36	50,00
41,39	50,00
41,41	50,00
41,44	50,00
41,46	50,00
41,48	50,00
41,51	50,00
41,53	50,00
41,56	50,00
41,58	50,00
41,61	50,00
41,63	50,00
41,66	50,00
41,68	50,00
41,70	50,00
41,73	50,00
41,75	50,00
41,78	50,00
41,80	50,00
41,83	50,00
41,85	50,00
41,88	50,00
41,90	50,00
41,92	50,00
41,95	50,00
41,97	50,00
42,00	50,00
42,02	50,00
42,05	50,00
42,07	50,00
42,10	50,00
42,12	50,00
42,14	50,00
42,17	50,00
42,19	50,00
42,22	50,00
42,24	50,00
42,27	50,00
42,29	50,00
42,31	50,00
42,34	50,00
42,36	50,00
42,39	50,00
42,41	50,00
42,44	50,00
42,46	50,00
42,49	50,00
42,51	50,00
42,53	50,00
42,56	50,00
42,58	50,00
42,61	50,00
42,63	50,00
42,66	50,00
42,68	50,00
42,71	50,00
42,73	50,00
42,75	50,00
42,78	50,00
42,80	50,00
42,83	50,00
42,85	50,00
42,88	50,00
42,90	50,00
42,93	50,00
42,95	50,00
42,97	50,00
43,00	50,00
43,02	50,00
43,05	50,00
43,07	50,00
43,10	50,00
43,12	50,00
43,15	50,00
43,17	50,00
43,19	50,00
43,22	50,00
43,24	50,00
43,27	50,00
43,29	50,00
43,32	50,00
43,34	50,00
43,36	50,00
43,39	50,00
43,41	50,00
43,44	50,00
43,46	50,00
43,49	50,00
43,51	50,00
43,54	50,00
43,56	50,00
43,58	50,00
43,61	50,00
43,63	50,00
43,66	49,94
43,68	49,94
43,71	49,83
43,73	49,83
43,76	49,69
43,78	49,67
43,80	49,47
43,83	49,53
43,85	49,31
43,88	49,33
43,90	49,08
43,93	49,12
43,95	48,89
43,98	48,99
44,00	48,71
44,02	48,72
44,05	48,48
44,07	48,51
44,10	48,34
44,12	48,38
44,15	48,20
44,17	48,24
44,20	48,11
44,22	48,18
44,24	48,13
44,27	48,20
44,29	48,12
44,32	48,15
44,34	48,09
44,37	48,14
44,39	48,18
44,41	48,22
44,44	48,24
44,46	48,24
44,49	48,28
44,51	48,36
44,54	48,54
44,56	48,61
44,59	48,76
44,61	48,76
44,63	48,96
44,66	48,97
44,68	49,19
44,71	49,22
44,73	49,37
44,76	49,33
44,78	49,53
44,81	49,58
44,83	49,79
44,85	49,79
44,88	49,86
44,90	49,86
44,93	49,97
44,95	49,97
44,98	50,00
45,00	50,00
45,03	50,00
45,05	50,00
45,07	50,00
45,10	50,00
45,12	50,00
45,15	50,00
45,17	50,00
45,20	50,00
45,22	50,00
45,25	50,00
45,27	50,00
45,29	50,00
45,32	50,00
45,34	50,00
45,37	50,00
45,39	50,00
45,42	50,00
45,44	50,00
45,47	50,00
45,49	50,00
45,51	50,00
45,54	50,00
45,56	50,00
45,59	50,00
45,61	50,00
45,64	50,00
45,66	50,00
45,68	50,00
45,71	50,00
45,73	50,00
45,76	50,00
45,78	50,00
45,81	50,00
45,83	50,00
45,86	50,00
45,88	50,00
45,90	50,00
45,93	50,00
45,95	50,00
45,98	50,00
46,00	50,00
46,03	50,00
46,05	50,00
46,08	50,00
46,10	50,00
46,12	50,00
46,15	50,00
46,17	50,00
46,20	50,00
46,22	50,00
46,25	50,00
46,27	50,00
46,30	50,00
46,32	50,00
46,34	50,00
46,37	50,00
46,39	50,00
46,42	50,00
46,44	50,00
46,47	50,00
46,49	50,00
46,52	50,00
46,54	50,00
46,56	50,00
46,59	50,00
46,61	50,00
46,64	50,00
46,66	50,00
46,69	50,00
46,71	50,00
46,73	50,00
46,76	50,00
46,78	50,00
46,81	50,00
46,83	50,00
46,86	50,00
46,88	50,00
46,91	50,00
46,93	50,00
46,95	50,00
46,98	50,00
47,00	50,00
47,03	50,00
47,05	50,00
47,08	50,00
47,10	50,00
47,13	50,00
47,15	50,00
47,17	50,00
47,20	50,00
47,22	50,00
47,25	50,00
47,27	50,00
47,30	50,00
47,32	50,00
47,35	50,00
47,37	50,00
47,39	50,00
47,42	50,00
47,44	50,00
47,47	50,00
47,49	50,00
47,52	50,00
47,54	50,00
47,57	50,00
47,59	50,00
47,61	50,00
47,64	50,00
47,66	50,00
47,69	50,00
47,71	50,00
47,74	50,00
47,76	50,00
47,78	50,00
47,81	50,00
47,83	50,00
47,86	50,00
47,88	50,00
47,91	50,00
47,93	50,00
47,96	50,00
47,98	50,00
48,00	50,00
48,03	50,00
48,05	50,00
48,08	50,00
48,10	50,00
48,13	50,00
48,15	50,00
48,18	50,00
48,20	50,00
48,22	50,00
48,25	50,00
48,27	50,00
48,30	50,00
48,32	50,00
48,35	50,00
48,37	50,00
48,40	50,00
48,42	50,00
48,44	50,00
48,47	50,00
48,49	50,00
48,52	50,00
48,54	50,00
48,57	50,00
48,59	50,00
48,62	50,00
48,64	50,00
48,66	50,00
48,69	50,00
48,71	50,00
48,74	50,00
48,76	50,00
48,79	50,00
48,81	50,00
48,84	50,00
48,86	50,00
48,88	50,00
48,91	50,00
48,93	50,00
48,96	50,00
48,98	50,00
49,01	50,00
49,03	50,00
49,05	50,00
49,08	50,00
49,10	50,00
49,13	50,00
49,15	50,00
49,18	50,00
49,20	50,00
49,23	50,00
49,25	50,00
49,27	50,00
49,30	50,00
49,32	50,00
49,35	50,00
49,37	50,00
49,40	50,00
49,42	50,00
49,45	50,00
49,47	50,00
49,49	50,00
49,52	50,00
49,54	50,00
49,57	50,00
49,59	50,00
49,62	50,00
49,64	50,00
49,67	50,00
49,69	50,00
49,71	50,00
49,74	50,00
49,76	50,00
49,79	50,00
49,81	50,00
49,84	50,00
49,86	50,00
49,89	50,00
49,91	50,00
49,93	50,00
49,96	50,00
49,98	50,00
50,01	50,00
50,03	50,00
50,06	50,00
50,08	50,00
50,10	50,00
50,13	50,00
50,15	50,00
50,18	50,00
50,20	50,00
50,23	50,00
50,25	50,00
50,28	50,00
50,30	50,00
50,32	50,00
50,35	50,00
50,37	50,00
50,40	50,00
50,42	50,00
50,45	50,00
50,47	50,00
50,50	50,00
50,52	50,00
50,54	50,00
50,57	50,00
50,59	50,00
50,62	50,00
50,64	50,00
50,67	50,00
50,69	50,00
50,72	50,00
50,74	50,00
50,76	50,00
50,79	50,00
50,81	50,00
50,84	50,00
50,86	50,00
50,89	50,00
50,91	50,00
50,94	50,00
50,96	50,00
50,98	50,00
51,01	50,00
51,03	50,00
51,06	50,00
51,08	50,00
51,11	50,00
51,13	50,00
51,15	50,00
51,18	50,00
51,20	50,00
51,23	50,00
51,25	50,00
51,28	50,00
51,30	50,00
51,33	50,00
51,35	50,00
51,37	50,00
51,40	50,00
51,42	50,00
51,45	50,00
51,47	50,00
51,50	50,00
51,52	50,00
51,55	50,00
51,57	50,00
51,59	50,00
51,62	50,00
51,64	50,00
51,67	50,00
51,69	50,00
51,72	50,00
51,74	50,00
51,77	50,00
51,79	50,00
51,81	50,00
51,84	50,00
51,86	50,00
51,89	50,00
51,91	50,00
51,94	50,00
51,96	50,00
51,99	50,00
52,01	50,00
52,03	50,00
52,06	50,00
52,08	50,00
52,11	50,00
52,13	50,00
52,16	50,00
52,18	50,00
52,20	50,00
52,23	50,00
52,25	50,00
52,28	50,00
52,30	50,00
52,33	50,00
52,35	50,00
52,38	50,00
52,40	50,00
52,42	50,00
52,45	50,00
52,47	50,00
52,50	50,00
52,52	50,00
52,55	50,00
52,57	50,00
52,60	50,00
52,62	50,00
52,64	50,00
52,67	50,00
52,69	50,00
52,72	50,00
52,74	50,00
52,77	50,00
52,79	50,00
52,82	50,00
52,84	50,00
52,86	50,00
52,89	50,00
52,91	50,00
52,94	50,00
52,96	50,00
52,99	50,00
53,01	50,00
53,04	50,00
53,06	50,00
53,08	50,00
53,11	50,00
53,13	50,00
53,16	50,00
53,18	50,00
53,21	50,00
53,23	50,00
53,26	50,00
53,28	50,00
53,30	50,00
53,33	50,00
53,35	50,00
53,38	50,00
53,40	50,00
53,43	50,00
53,45	50,00
53,47	50,00
53,50	50,00
53,52	50,00
53,55	50,00
53,57	50,00
53,60	50,00
53,62	50,00
53,65	50,00
53,67	50,00
53,69	50,00
53,72	50,00
53,74	50,00
53,77	50,00
53,79	50,00
53,82	50,00
53,84	50,00
53,87	50,00
53,89	50,00
53,91	50,00
53,94	50,00
53,96	50,00
53,99	50,00
54,01	50,00
54,04	50,00
54,06	50,00
54,09	50,00
54,11	50,00
54,13	50,00
54,16	50,00
54,18	50,00
54,21	50,00
54,23	50,00
54,26	50,00
54,28	50,00
54,31	50,00
54,33	50,00
54,35	50,00
54,38	50,00
54,40	50,00
54,43	50,00
54,45	50,00
54,48	50,00
54,50	50,00
54,52	50,00
54,55	50,00
54,57	50,00
54,60	50,00
54,62	50,00
54,65	50,00
54,67	50,00
54,70	50,00
54,72	50,00
54,74	50,00
54,77	50,00
54,79	50,00
54,82	50,00
54,84	50,00
54,87	50,00
54,89	50,00
54,92	50,00
54,94	50,00
54,96	50,00
54,99	50,00
55,01	50,00
55,04	50,00
55,06	50,00
55,09	50,00
55,11	50,00
55,14	50,00
55,16	50,00
55,18	50,00
55,21	50,00
55,23	50,00
55,26	50,00
55,28	50,00
55,31	50,00
55,33	50,00
55,36	50,00
55,38	50,00
55,40	50,00
55,43	50,00
55,45	50,00
55,48	50,00
55,50	50,00
55,53	50,00
55,55	50,00
55,57	50,00
55,60	50,00
55,62	50,00
55,65	50,00
55,67	50,00
55,70	50,00
55,72	50,00
55,75	50,00
55,77	50,00
55,79	50,00
55,82	50,00
55,84	50,00
55,87	50,00
55,89	50,00
55,92	50,00
55,94	50,00
55,97	50,00
55,99	50,00
56,01	50,00
56,04	50,00
56,06	50,00
56,09	50,00
56,11	50,00
56,14	50,00
56,16	50,00
56,19	50,00
56,21	50,00
56,23	50,00
56,26	50,00
56,28	50,00
56,31	50,00
56,33	50,00
56,36	50,00
56,38	50,00
56,41	50,00
56,43	50,00
56,45	50,00
56,48	50,00
56,50	50,00
56,53	50,00
56,55	50,00
56,58	50,00
56,60	50,00
56,62	50,00
56,65	50,00
56,67	50,00
56,70	50,00
56,72	50,00
56,75	50,00
56,77	50,00
56,80	50,00
56,82	50,00
56,84	50,00
56,87	50,00
56,89	50,00
56,92	50,00
56,94	50,00
56,97	50,00
56,99	50,00
57,02	50,00
57,04	50,00
57,06	50,00
57,09	50,00
57,11	50,00
57,14	50,00
57,16	50,00
57,19	50,00
57,21	50,00
57,24	50,00
57,26	50,00
57,28	50,00
57,31	50,00
57,33	50,00
57,36	50,00
57,38	50,00
57,41	50,00
57,43	50,00
57,46	50,00
57,48	50,00
57,50	50,00
57,53	50,00
57,55	50,00
57,58	50,00
57,60	50,00
57,63	50,00
57,65	50,00
57,68	50,00
57,70	50,00
57,72	50,00
57,75	50,00
57,77	50,00
57,80	50,00
57,82	50,00
57,85	50,00
57,87	50,00
57,89	50,00
57,92	50,00
57,94	50,00
57,97	50,00
57,99	50,00
58,02	50,00
58,04	50,00
58,07	50,00
58,09	50,00
58,11	50,00
58,14	50,00
58,16	50,00
58,19	50,00
58,21	50,00
58,24	50,00
58,26	50,00
58,29	50,00
58,31	50,00
58,33	50,00
58,36	50,00
58,38	50,00
58,41	50,00
58,43	50,00
58,46	50,00
58,48	50,00
58,51	50,00
58,53	50,00
58,55	50,00
58,58	50,00
58,60	50,00
58,63	50,00
58,65	50,00
58,68	50,00
58,70	50,00
58,73	50,00
58,75	50,00
58,77	50,00
58,80	50,00
58,82	50,00
58,85	50,00
58,87	50,00
58,90	50,00
58,92	50,00
58,94	50,00
58,97	50,00
58,99	50,00
59,02	50,00
59,04	50,00
59,07	50,00
59,09	50,00
59,12	50,00
59,14	50,00
59,16	50,00
59,19	50,00
59,21	50,00
59,24	50,00
59,26	50,00
59,29	50,00
59,31	50,00
59,34	50,00
59,36	50,00
59,38	50,00
59,41	50,00
59,43	50,00
59,46	50,00
59,48	50,00
59,51	50,00
59,53	50,00
59,56	50,00
59,58	50,00
59,60	50,00
59,63	50,00
59,65	50,00
59,68	50,00
59,70	50,00
59,73	50,00
59,75	50,00
59,78	50,00
59,80	50,00
59,82	50,00
59,85	50,00
59,87	50,00
59,90	50,00
59,92	50,00
59,95	50,00
59,97	50,00
59,99	50,00
