Voltage U1	Corriente IA
U1/V	IA/nA

0,02	0,35
0,04	0,35
0,07	0,49
0,09	0,49
0,12	0,62
0,14	0,49
0,17	0,65
0,19	0,49
0,21	0,62
0,24	0,47
0,26	0,59
0,29	0,50
0,31	0,62
0,34	0,50
0,36	0,56
0,39	0,43
0,41	0,55
0,43	0,48
0,46	0,57
0,48	0,51
0,51	0,54
0,53	0,51
0,56	0,58
0,58	0,55
0,61	0,61
0,63	0,58
0,65	0,56
0,68	0,52
0,70	0,52
0,73	0,57
0,75	0,57
0,78	0,60
0,80	0,55
0,83	0,57
0,85	0,54
0,87	0,68
0,90	0,64
0,92	0,74
0,95	0,61
0,97	0,68
1,00	0,60
1,02	0,77
1,05	0,62
1,07	0,75
1,09	0,55
1,12	0,70
1,14	0,59
1,17	0,79
1,19	0,62
1,22	0,78
1,24	0,59
1,26	0,79
1,29	0,63
1,31	0,81
1,34	0,62
1,36	0,78
1,39	0,57
1,41	0,76
1,44	0,56
1,46	0,73
1,48	0,54
1,51	0,69
1,53	0,52
1,56	0,74
1,58	0,54
1,61	0,70
1,63	0,53
1,66	0,67
1,68	0,51
1,70	0,68
1,73	0,49
1,75	0,62
1,78	0,46
1,80	0,59
1,83	0,47
1,85	0,62
1,88	0,50
1,90	0,59
1,92	0,46
1,95	0,56
1,97	0,48
2,00	0,61
2,02	0,52
2,05	0,57
2,07	0,47
2,10	0,54
2,12	0,53
2,14	0,60
2,17	0,53
2,19	0,56
2,22	0,50
2,24	0,56
2,27	0,60
2,29	0,60
2,31	0,63
2,34	0,61
2,36	0,60
2,39	0,60
2,41	0,69
2,44	0,66
2,46	0,75
2,49	0,61
2,51	0,65
2,53	0,58
2,56	0,72
2,58	0,62
2,61	0,74
2,63	0,56
2,66	0,70
2,68	0,59
2,71	0,77
2,73	0,63
2,75	0,79
2,78	0,58
2,80	0,75
2,83	0,61
2,85	0,80
2,88	0,63
2,90	0,79
2,93	0,59
2,95	0,77
2,97	0,59
3,00	0,78
3,02	0,59
3,05	0,74
3,07	0,54
3,10	0,74
3,12	0,56
3,15	0,71
3,17	0,53
3,19	0,67
3,22	0,51
3,24	0,70
3,27	0,49
3,29	0,63
3,32	0,47
3,34	0,59
3,36	0,45
3,39	0,62
3,41	0,46
3,44	0,56
3,46	0,43
3,49	0,54
3,51	0,46
3,54	0,61
3,56	0,48
3,58	0,54
3,61	0,43
3,63	0,52
3,66	0,48
3,68	0,55
3,71	0,48
3,73	0,53
3,76	0,48
3,78	0,55
3,80	0,57
3,83	0,60
3,85	0,61
3,88	0,58
3,90	0,55
3,93	0,58
3,95	0,63
3,98	0,60
4,00	0,69
4,02	0,57
4,05	0,62
4,07	0,58
4,10	0,68
4,12	0,62
4,15	0,73
4,17	0,56
4,20	0,70
4,22	0,60
4,24	0,77
4,27	0,65
4,29	0,77
4,32	0,57
4,34	0,74
4,37	0,58
4,39	0,78
4,42	0,60
4,44	0,76
4,46	0,59
4,49	0,78
4,51	0,60
4,54	0,80
4,56	0,60
4,59	0,76
4,61	0,55
4,63	0,75
4,66	0,57
4,68	0,72
4,71	0,52
4,73	0,69
4,76	0,52
4,78	0,73
4,81	0,53
4,83	0,67
4,85	0,51
4,88	0,65
4,90	0,48
4,93	0,67
4,95	0,48
4,98	0,60
5,00	0,45
5,03	0,55
5,05	0,44
5,07	0,58
5,10	0,44
5,12	0,53
5,15	0,41
5,17	0,50
5,20	0,46
5,22	0,56
5,25	0,49
5,27	0,54
5,29	0,47
5,32	0,55
5,34	0,55
5,37	0,60
5,39	0,59
5,42	0,58
5,44	0,53
5,47	0,56
5,49	0,57
5,51	0,58
5,54	0,62
5,56	0,55
5,59	0,58
5,61	0,55
5,64	0,66
5,66	0,66
5,68	0,75
5,71	0,61
5,73	0,69
5,76	0,61
5,78	0,76
5,81	0,64
5,83	0,74
5,86	0,56
5,88	0,67
5,90	0,56
5,93	0,75
5,95	0,59
5,98	0,74
6,00	0,55
6,03	0,73
6,05	0,60
6,08	0,80
6,10	0,60
6,12	0,78
6,15	0,58
6,17	0,76
6,20	0,58
6,22	0,73
6,25	0,53
6,27	0,69
6,30	0,50
6,32	0,72
6,34	0,53
6,37	0,68
6,39	0,53
6,42	0,67
6,44	0,52
6,47	0,70
6,49	0,49
6,52	0,63
6,54	0,48
6,56	0,60
6,59	0,49
6,61	0,63
6,64	0,49
6,66	0,60
6,69	0,46
6,71	0,56
6,73	0,48
6,76	0,59
6,78	0,51
6,81	0,56
6,83	0,45
6,86	0,54
6,88	0,51
6,91	0,58
6,93	0,55
6,95	0,55
6,98	0,49
7,00	0,55
7,03	0,57
7,05	0,61
7,08	0,63
7,10	0,56
7,13	0,58
7,15	0,57
7,17	0,66
7,20	0,64
7,22	0,71
7,25	0,59
7,27	0,64
7,30	0,57
7,32	0,72
7,35	0,62
7,37	0,72
7,39	0,57
7,42	0,69
7,44	0,60
7,47	0,79
7,49	0,64
7,52	0,80
7,54	0,60
7,57	0,77
7,59	0,63
7,61	0,83
7,64	0,64
7,66	0,83
7,69	0,63
7,71	0,83
7,74	0,64
7,76	0,84
7,78	0,65
7,81	0,81
7,83	0,58
7,86	0,81
7,88	0,61
7,91	0,76
7,93	0,57
7,96	0,71
7,98	0,54
8,00	0,75
8,03	0,52
8,05	0,66
8,08	0,51
8,10	0,63
8,13	0,51
8,15	0,67
8,18	0,50
8,20	0,62
8,22	0,48
8,25	0,59
8,27	0,52
8,30	0,65
8,32	0,54
8,35	0,60
8,37	0,48
8,40	0,59
8,42	0,53
8,44	0,61
8,47	0,55
8,49	0,58
8,52	0,53
8,54	0,62
8,57	0,62
8,59	0,69
8,62	0,67
8,64	0,65
8,66	0,63
8,69	0,63
8,71	0,70
8,74	0,68
8,76	0,73
8,79	0,65
8,81	0,66
8,84	0,62
8,86	0,77
8,88	0,69
8,91	0,79
8,93	0,64
8,96	0,74
8,98	0,66
9,01	0,83
9,03	0,69
9,05	0,82
9,08	0,63
9,10	0,80
9,13	0,67
9,15	0,89
9,18	0,72
9,20	0,89
9,23	0,68
9,25	0,87
9,27	0,69
9,30	0,89
9,32	0,69
9,35	0,85
9,37	0,62
9,40	0,84
9,42	0,63
9,45	0,82
9,47	0,61
9,49	0,76
9,52	0,58
9,54	0,78
9,57	0,56
9,59	0,72
9,62	0,54
9,64	0,69
9,67	0,53
9,69	0,72
9,71	0,55
9,74	0,69
9,76	0,53
9,79	0,67
9,81	0,55
9,84	0,71
9,86	0,61
9,89	0,70
9,91	0,56
9,93	0,68
9,96	0,62
9,98	0,74
10,01	0,66
10,03	0,68
10,06	0,61
10,08	0,69
10,10	0,68
10,13	0,73
10,15	0,71
10,18	0,71
10,20	0,66
10,23	0,69
10,25	0,74
10,28	0,74
10,30	0,78
10,32	0,73
10,35	0,75
10,37	0,73
10,40	0,85
10,42	0,82
10,45	0,93
10,47	0,80
10,50	0,85
10,52	0,79
10,54	0,95
10,57	0,83
10,59	0,97
10,62	0,78
10,64	0,92
10,67	0,81
10,69	0,99
10,72	0,84
10,74	1,00
10,76	0,77
10,79	0,97
10,81	0,80
10,84	1,01
10,86	0,83
10,89	0,98
10,91	0,75
10,94	0,97
10,96	0,75
10,98	0,95
11,01	0,72
11,03	0,87
11,06	0,67
11,08	0,90
11,11	0,69
11,13	0,86
11,15	0,67
11,18	0,84
11,20	0,67
11,23	0,88
11,25	0,68
11,28	0,83
11,30	0,66
11,33	0,81
11,35	0,69
11,37	0,86
11,40	0,71
11,42	0,82
11,45	0,68
11,47	0,81
11,50	0,73
11,52	0,87
11,55	0,76
11,57	0,80
11,59	0,71
11,62	0,81
11,64	0,77
11,67	0,84
11,69	0,78
11,72	0,81
11,74	0,77
11,77	0,83
11,79	0,87
11,81	0,90
11,84	0,93
11,86	0,90
11,89	0,91
11,91	0,91
11,94	1,00
11,96	0,96
11,99	1,03
12,01	0,89
12,03	0,93
12,06	0,90
12,08	1,04
12,11	0,97
12,13	1,08
12,16	0,92
12,18	1,06
12,21	0,97
12,23	1,13
12,25	0,99
12,28	1,11
12,30	0,92
12,33	1,10
12,35	0,95
12,38	1,16
12,40	0,97
12,42	1,14
12,45	0,94
12,47	1,14
12,50	0,94
12,52	1,17
12,55	0,97
12,57	1,14
12,60	0,92
12,62	1,15
12,64	0,94
12,67	1,12
12,69	0,89
12,72	1,04
12,74	0,85
12,77	1,07
12,79	0,88
12,82	1,04
12,84	0,88
12,86	1,04
12,89	0,90
12,91	1,10
12,94	0,93
12,96	1,04
12,99	0,90
13,01	1,02
13,04	0,92
13,06	1,09
13,08	0,97
13,11	1,04
13,13	0,91
13,16	1,01
13,18	0,99
13,21	1,09
13,23	1,02
13,26	1,07
13,28	1,02
13,30	1,12
13,33	1,13
13,35	1,17
13,38	1,15
13,40	1,14
13,43	1,10
13,45	1,11
13,47	1,16
13,50	1,17
13,52	1,23
13,55	1,16
13,57	1,19
13,60	1,15
13,62	1,28
13,65	1,26
13,67	1,35
13,69	1,18
13,72	1,28
13,74	1,19
13,77	1,36
13,79	1,24
13,82	1,34
13,84	1,15
13,87	1,31
13,89	1,18
13,91	1,40
13,94	1,23
13,96	1,39
13,99	1,19
14,01	1,38
14,04	1,20
14,06	1,41
14,09	1,21
14,11	1,38
14,13	1,14
14,16	1,34
14,18	1,15
14,21	1,31
14,23	1,10
14,26	1,26
14,28	1,05
14,31	1,29
14,33	1,07
14,35	1,22
14,38	1,07
14,40	1,23
14,43	1,05
14,45	1,26
14,48	1,05
14,50	1,20
14,52	1,05
14,55	1,17
14,57	1,05
14,60	1,20
14,62	1,08
14,65	1,18
14,67	1,04
14,70	1,15
14,72	1,10
14,74	1,21
14,77	1,13
14,79	1,18
14,82	1,09
14,84	1,19
14,87	1,17
14,89	1,21
14,92	1,19
14,94	1,17
14,96	1,11
14,99	1,17
15,01	1,20
15,04	1,22
15,06	1,25
15,09	1,19
15,11	1,22
15,14	1,21
15,16	1,29
15,18	1,26
15,21	1,33
15,23	1,20
15,26	1,26
15,28	1,17
15,31	1,30
15,33	1,20
15,36	1,31
15,38	1,14
15,40	1,28
15,43	1,16
15,45	1,38
15,48	1,23
15,50	1,38
15,53	1,18
15,55	1,36
15,57	1,19
15,60	1,40
15,62	1,18
15,65	1,36
15,67	1,13
15,70	1,36
15,72	1,17
15,75	1,38
15,77	1,18
15,79	1,35
15,82	1,12
15,84	1,37
15,87	1,14
15,89	1,30
15,92	1,10
15,94	1,22
15,97	1,05
15,99	1,29
16,01	1,07
16,04	1,24
16,06	1,07
16,09	1,24
16,11	1,14
16,14	1,32
16,16	1,16
16,19	1,30
16,21	1,14
16,23	1,29
16,26	1,21
16,28	1,33
16,31	1,24
16,33	1,30
16,36	1,17
16,38	1,29
16,41	1,24
16,43	1,33
16,45	1,29
16,48	1,31
16,50	1,27
16,53	1,36
16,55	1,36
16,58	1,44
16,60	1,44
16,63	1,40
16,65	1,40
16,67	1,37
16,70	1,44
16,72	1,45
16,75	1,51
16,77	1,43
16,80	1,48
16,82	1,44
16,84	1,63
16,87	1,58
16,89	1,69
16,92	1,56
16,94	1,68
16,97	1,61
16,99	1,80
17,02	1,67
17,04	1,81
17,06	1,63
17,09	1,80
17,11	1,67
17,14	1,86
17,16	1,70
17,19	1,88
17,21	1,67
17,24	1,87
17,26	1,68
17,28	1,89
17,31	1,75
17,33	1,91
17,36	1,70
17,38	1,93
17,41	1,71
17,43	1,90
17,46	1,70
17,48	1,83
17,50	1,65
17,53	1,88
17,55	1,68
17,58	1,89
17,60	1,72
17,63	1,89
17,65	1,78
17,68	1,98
17,70	1,82
17,72	1,97
17,75	1,80
17,77	1,94
17,80	1,84
17,82	1,98
17,85	1,89
17,87	1,95
17,89	1,82
17,92	1,95
17,94	1,90
17,97	2,01
17,99	1,95
18,02	1,97
18,04	1,95
18,07	2,03
18,09	2,04
18,11	2,10
18,14	2,06
18,16	2,05
18,19	2,03
18,21	2,03
18,24	2,08
18,26	2,08
18,29	2,12
18,31	2,07
18,33	2,09
18,36	2,06
18,38	2,21
18,41	2,16
18,43	2,27
18,46	2,13
18,48	2,21
18,51	2,14
18,53	2,29
18,55	2,14
18,58	2,27
18,60	2,07
18,63	2,21
18,65	2,09
18,68	2,26
18,70	2,11
18,73	2,27
18,75	2,05
18,77	2,28
18,80	2,08
18,82	2,28
18,85	2,09
18,87	2,24
18,90	1,98
18,92	2,21
18,94	1,95
18,97	2,17
18,99	1,91
19,02	2,09
19,04	1,84
19,07	2,13
19,09	1,87
19,12	2,07
19,14	1,84
19,16	2,01
19,19	1,81
19,21	2,05
19,24	1,78
19,26	1,95
19,29	1,74
19,31	1,91
19,34	1,74
19,36	1,94
19,38	1,77
19,41	1,90
19,43	1,72
19,46	1,86
19,48	1,75
19,51	1,93
19,53	1,81
19,56	1,87
19,58	1,75
19,60	1,85
19,63	1,81
19,65	1,90
19,68	1,81
19,70	1,81
19,73	1,73
19,75	1,78
19,78	1,81
19,80	1,83
19,82	1,85
19,85	1,80
19,87	1,78
19,90	1,78
19,92	1,90
19,95	1,86
19,97	1,94
19,99	1,79
20,02	1,84
20,04	1,79
20,07	1,93
20,09	1,80
20,12	1,94
20,14	1,72
20,17	1,88
20,19	1,76
20,21	1,96
20,24	1,82
20,26	1,99
20,29	1,73
20,31	1,96
20,34	1,75
20,36	1,98
20,39	1,77
20,41	1,97
20,43	1,71
20,46	1,94
20,48	1,69
20,51	1,94
20,53	1,70
20,56	1,89
20,58	1,61
20,61	1,89
20,63	1,65
20,65	1,87
20,68	1,62
20,70	1,81
20,73	1,61
20,75	1,89
20,78	1,64
20,80	1,84
20,83	1,64
20,85	1,86
20,87	1,70
20,90	1,92
20,92	1,73
20,95	1,90
20,97	1,73
21,00	1,90
21,02	1,80
21,05	1,98
21,07	1,86
21,09	1,96
21,12	1,81
21,14	1,97
21,17	1,94
21,19	2,05
21,22	1,98
21,24	2,06
21,26	2,01
21,29	2,12
21,31	2,15
21,34	2,23
21,36	2,24
21,39	2,25
21,41	2,23
21,44	2,27
21,46	2,37
21,48	2,38
21,51	2,47
21,53	2,39
21,56	2,45
21,58	2,42
21,61	2,61
21,63	2,57
21,66	2,72
21,68	2,56
21,70	2,71
21,73	2,66
21,75	2,90
21,78	2,75
21,80	2,91
21,83	2,72
21,85	2,95
21,88	2,82
21,90	3,09
21,92	2,90
21,95	3,14
21,97	2,94
22,00	3,18
22,02	2,97
22,05	3,26
22,07	3,05
22,10	3,28
22,12	3,03
22,14	3,31
22,17	3,11
22,19	3,35
22,22	3,12
22,24	3,33
22,27	3,11
22,29	3,41
22,31	3,18
22,34	3,41
22,36	3,22
22,39	3,42
22,41	3,22
22,44	3,49
22,46	3,29
22,49	3,47
22,51	3,29
22,53	3,46
22,56	3,36
22,58	3,56
22,61	3,43
22,63	3,56
22,66	3,40
22,68	3,55
22,71	3,50
22,73	3,62
22,75	3,54
22,78	3,60
22,80	3,52
22,83	3,65
22,85	3,63
22,88	3,70
22,90	3,69
22,93	3,69
22,95	3,62
22,97	3,66
23,00	3,71
23,02	3,73
23,05	3,77
23,07	3,67
23,10	3,67
23,12	3,64
23,15	3,76
23,17	3,71
23,19	3,80
23,22	3,62
23,24	3,70
23,27	3,61
23,29	3,80
23,32	3,64
23,34	3,74
23,36	3,52
23,39	3,67
23,41	3,52
23,44	3,74
23,46	3,53
23,49	3,70
23,51	3,43
23,54	3,63
23,56	3,41
23,58	3,64
23,61	3,38
23,63	3,53
23,66	3,24
23,68	3,49
23,71	3,24
23,73	3,45
23,76	3,18
23,78	3,35
23,80	3,09
23,83	3,36
23,85	3,07
23,88	3,25
23,90	2,99
23,93	3,14
23,95	2,92
23,98	3,15
24,00	2,87
24,02	3,04
24,05	2,80
24,07	2,95
24,10	2,80
24,12	2,95
24,15	2,76
24,17	2,89
24,20	2,67
24,22	2,81
24,24	2,68
24,27	2,80
24,29	2,69
24,32	2,73
24,34	2,58
24,37	2,68
24,39	2,63
24,42	2,71
24,44	2,65
24,46	2,65
24,49	2,57
24,51	2,63
24,54	2,63
24,56	2,67
24,59	2,67
24,61	2,58
24,63	2,55
24,66	2,50
24,68	2,60
24,71	2,56
24,73	2,62
24,76	2,47
24,78	2,53
24,81	2,45
24,83	2,63
24,85	2,50
24,88	2,62
24,90	2,42
24,93	2,56
24,95	2,43
24,98	2,66
25,00	2,47
25,03	2,66
25,05	2,43
25,07	2,61
25,10	2,42
25,12	2,67
25,15	2,44
25,17	2,68
25,20	2,41
25,22	2,66
25,25	2,44
25,27	2,69
25,29	2,47
25,32	2,68
25,34	2,38
25,37	2,66
25,39	2,40
25,42	2,61
25,44	2,38
25,47	2,56
25,49	2,34
25,51	2,63
25,54	2,38
25,56	2,62
25,59	2,45
25,61	2,68
25,64	2,54
25,66	2,80
25,68	2,62
25,71	2,81
25,73	2,65
25,76	2,83
25,78	2,73
25,81	2,92
25,83	2,82
25,86	2,93
25,88	2,81
25,90	2,99
25,93	2,97
25,95	3,12
25,98	3,08
26,00	3,16
26,03	3,16
26,05	3,31
26,08	3,34
26,10	3,46
26,12	3,49
26,15	3,50
26,17	3,52
26,20	3,56
26,22	3,68
26,25	3,72
26,27	3,83
26,30	3,79
26,32	3,88
26,34	3,89
26,37	4,12
26,39	4,10
26,42	4,28
26,44	4,16
26,47	4,31
26,49	4,28
26,52	4,54
26,54	4,42
26,56	4,64
26,59	4,47
26,61	4,72
26,64	4,65
26,66	4,94
26,69	4,81
26,71	5,08
26,73	4,86
26,76	5,18
26,78	5,02
26,81	5,31
26,83	5,13
26,86	5,36
26,88	5,12
26,91	5,46
26,93	5,23
26,95	5,50
26,98	5,30
27,00	5,56
27,03	5,37
27,05	5,72
27,08	5,50
27,10	5,79
27,13	5,62
27,15	5,86
27,17	5,68
27,20	5,97
27,22	5,78
27,25	5,99
27,27	5,79
27,30	5,99
27,32	5,87
27,35	6,10
27,37	6,00
27,39	6,13
27,42	5,97
27,44	6,15
27,47	6,07
27,49	6,24
27,52	6,16
27,54	6,18
27,57	6,10
27,59	6,21
27,61	6,20
27,64	6,27
27,66	6,22
27,69	6,20
27,71	6,15
27,74	6,16
27,76	6,22
27,78	6,22
27,81	6,25
27,83	6,18
27,86	6,19
27,88	6,14
27,91	6,26
27,93	6,18
27,96	6,25
27,98	6,06
28,00	6,09
28,03	5,97
28,05	6,13
28,08	5,98
28,10	6,09
28,13	5,84
28,15	5,98
28,18	5,81
28,20	6,00
28,22	5,78
28,25	5,93
28,27	5,63
28,30	5,81
28,32	5,53
28,35	5,73
28,37	5,47
28,40	5,61
28,42	5,28
28,44	5,48
28,47	5,19
28,49	5,38
28,52	5,09
28,54	5,22
28,57	4,93
28,59	5,16
28,62	4,86
28,64	5,02
28,66	4,74
28,69	4,87
28,71	4,61
28,74	4,78
28,76	4,49
28,79	4,60
28,81	4,35
28,84	4,50
28,86	4,30
28,88	4,45
28,91	4,24
28,93	4,32
28,96	4,13
28,98	4,25
29,01	4,08
29,03	4,18
29,05	4,02
29,08	4,03
29,10	3,85
29,13	3,90
29,15	3,82
29,18	3,86
29,20	3,76
29,23	3,77
29,25	3,68
29,27	3,74
29,30	3,75
29,32	3,75
29,35	3,73
29,37	3,67
29,40	3,61
29,42	3,58
29,45	3,63
29,47	3,56
29,49	3,62
29,52	3,47
29,54	3,50
29,57	3,42
29,59	3,57
29,62	3,47
29,64	3,58
29,67	3,37
29,69	3,54
29,71	3,41
29,74	3,61
29,76	3,46
29,79	3,59
29,81	3,36
29,84	3,55
29,86	3,34
29,89	3,59
29,91	3,37
29,93	3,55
29,96	3,32
29,98	3,56
30,01	3,34
30,03	3,62
30,06	3,39
30,08	3,61
30,10	3,38
30,13	3,65
30,15	3,44
30,18	3,66
30,20	3,44
30,23	3,64
30,25	3,45
30,28	3,74
30,30	3,53
30,32	3,74
30,35	3,59
30,37	3,79
30,40	3,65
30,42	3,93
30,45	3,79
30,47	3,97
30,50	3,85
30,52	4,01
30,54	3,97
30,57	4,20
30,59	4,10
30,62	4,24
30,64	4,18
30,67	4,36
30,69	4,41
30,72	4,56
30,74	4,54
30,76	4,67
30,79	4,66
30,81	4,82
30,84	4,89
30,86	5,02
30,89	5,08
30,91	5,15
30,94	5,19
30,96	5,30
30,98	5,44
31,01	5,52
31,03	5,64
31,06	5,65
31,08	5,77
31,11	5,83
31,13	6,03
31,15	6,10
31,18	6,30
31,20	6,27
31,23	6,46
31,25	6,47
31,28	6,74
31,30	6,71
31,33	6,92
31,35	6,84
31,37	7,06
31,40	7,04
31,42	7,36
31,45	7,31
31,47	7,58
31,50	7,50
31,52	7,80
31,55	7,76
31,57	8,08
31,59	8,00
31,62	8,28
31,64	8,17
31,67	8,47
31,69	8,37
31,72	8,63
31,74	8,52
31,77	8,76
31,79	8,61
31,81	8,92
31,84	8,79
31,86	9,05
31,89	9,00
31,91	9,23
31,94	9,14
31,96	9,44
31,99	9,30
32,01	9,52
32,03	9,41
32,06	9,58
32,08	9,51
32,11	9,72
32,13	9,64
32,16	9,80
32,18	9,70
32,20	9,85
32,23	9,83
32,25	9,97
32,28	9,93
32,30	10,00
32,33	9,92
32,35	10,05
32,38	10,05
32,40	10,13
32,42	10,12
32,45	10,11
32,47	10,05
32,50	10,09
32,52	10,09
32,55	10,11
32,57	10,10
32,60	10,00
32,62	10,01
32,64	9,97
32,67	10,02
32,69	9,94
32,72	9,96
32,74	9,80
32,77	9,81
32,79	9,66
32,82	9,76
32,84	9,61
32,86	9,66
32,89	9,43
32,91	9,48
32,94	9,31
32,96	9,44
32,99	9,19
33,01	9,27
33,04	8,99
33,06	9,09
33,08	8,84
33,11	8,96
33,13	8,67
33,16	8,78
33,18	8,44
33,21	8,56
33,23	8,28
33,26	8,39
33,28	8,09
33,30	8,16
33,33	7,83
33,35	7,99
33,38	7,68
33,40	7,74
33,43	7,45
33,45	7,49
33,47	7,23
33,50	7,38
33,52	7,07
33,55	7,14
33,57	6,89
33,60	6,95
33,62	6,74
33,65	6,81
33,67	6,54
33,69	6,58
33,72	6,34
33,74	6,39
33,77	6,23
33,79	6,28
33,82	6,11
33,84	6,11
33,87	5,93
33,89	5,97
33,91	5,85
33,94	5,85
33,96	5,73
33,99	5,68
34,01	5,56
34,04	5,56
34,06	5,49
34,09	5,50
34,11	5,44
34,13	5,35
34,16	5,28
34,18	5,24
34,21	5,27
34,23	5,22
34,26	5,21
34,28	5,08
34,31	5,07
34,33	4,99
34,35	5,08
34,38	4,98
34,40	5,05
34,43	4,87
34,45	4,96
34,48	4,88
34,50	5,03
34,52	4,87
34,55	4,97
34,57	4,78
34,60	4,92
34,62	4,78
34,65	4,93
34,67	4,77
34,70	4,95
34,72	4,74
34,74	4,95
34,77	4,80
34,79	5,02
34,82	4,89
34,84	5,06
34,87	4,85
34,89	5,09
34,92	4,89
34,94	5,09
34,96	4,91
34,99	5,09
35,01	4,95
35,04	5,21
35,06	5,05
35,09	5,29
35,11	5,17
35,14	5,38
35,16	5,27
35,18	5,53
35,21	5,40
35,23	5,60
35,26	5,48
35,28	5,69
35,31	5,66
35,33	5,89
35,36	5,87
35,38	6,02
35,40	5,98
35,43	6,20
35,45	6,23
35,48	6,45
35,50	6,47
35,53	6,59
35,55	6,63
35,57	6,82
35,60	6,89
35,62	7,06
35,65	7,11
35,67	7,22
35,70	7,29
35,72	7,47
35,75	7,63
35,77	7,77
35,79	7,92
35,82	8,03
35,84	8,16
35,87	8,30
35,89	8,51
35,92	8,61
35,94	8,83
35,97	8,86
35,99	9,04
36,01	9,13
36,04	9,41
36,06	9,48
36,09	9,76
36,11	9,76
36,14	10,04
36,16	10,12
36,19	10,45
36,21	10,49
36,23	10,78
36,26	10,74
36,28	11,06
36,31	11,06
36,33	11,41
36,36	11,40
36,38	11,72
36,41	11,70
36,43	12,06
36,45	12,04
36,48	12,43
36,50	12,38
36,53	12,69
36,55	12,64
36,58	13,01
36,60	12,94
36,62	13,26
36,65	13,19
36,67	13,50
36,70	13,44
36,72	13,79
36,75	13,71
36,77	14,02
36,80	13,97
36,82	14,26
36,84	14,23
36,87	14,53
36,89	14,47
36,92	14,70
36,94	14,62
36,97	14,83
36,99	14,79
37,02	15,01
37,04	14,96
37,06	15,07
37,09	15,01
37,11	15,16
37,14	15,17
37,16	15,29
37,19	15,26
37,21	15,33
37,24	15,27
37,26	15,36
37,28	15,38
37,31	15,42
37,33	15,41
37,36	15,38
37,38	15,32
37,41	15,31
37,43	15,34
37,46	15,29
37,48	15,29
37,50	15,14
37,53	15,10
37,55	15,02
37,58	15,08
37,60	14,93
37,63	14,96
37,65	14,74
37,68	14,75
37,70	14,58
37,72	14,65
37,75	14,43
37,77	14,46
37,80	14,14
37,82	14,16
37,85	13,89
37,87	13,97
37,89	13,65
37,92	13,66
37,94	13,30
37,97	13,34
37,99	13,06
38,02	13,16
38,04	12,82
38,07	12,85
38,09	12,51
38,11	12,59
38,14	12,25
38,16	12,24
38,19	11,84
38,21	11,83
38,24	11,46
38,26	11,51
38,29	11,16
38,31	11,15
38,33	10,84
38,36	10,85
38,38	10,55
38,41	10,61
38,43	10,28
38,46	10,26
38,48	9,97
38,51	9,94
38,53	9,68
38,55	9,70
38,58	9,43
38,60	9,38
38,63	9,10
38,65	9,08
38,68	8,91
38,70	8,87
38,73	8,67
38,75	8,62
38,77	8,43
38,80	8,42
38,82	8,30
38,85	8,25
38,87	8,13
38,90	8,03
38,92	7,87
38,94	7,81
38,97	7,74
38,99	7,67
39,02	7,62
39,04	7,50
39,07	7,44
39,09	7,36
39,12	7,40
39,14	7,32
39,16	7,35
39,19	7,16
39,21	7,16
39,24	7,04
39,26	7,14
39,29	7,00
39,31	7,07
39,34	6,85
39,36	6,94
39,38	6,81
39,41	6,98
39,43	6,80
39,46	6,93
39,48	6,74
39,51	6,92
39,53	6,76
39,56	6,96
39,58	6,78
39,60	6,97
39,63	6,77
39,65	6,97
39,68	6,80
39,70	7,03
39,73	6,86
39,75	7,08
39,78	6,89
39,80	7,14
39,82	6,98
39,85	7,21
39,87	7,08
39,90	7,28
39,92	7,14
39,95	7,44
39,97	7,31
39,99	7,55
40,02	7,46
40,04	7,69
40,07	7,64
40,09	7,91
40,12	7,84
40,14	8,07
40,17	7,99
40,19	8,23
40,21	8,26
40,24	8,52
40,26	8,54
40,29	8,74
40,31	8,74
40,34	9,00
40,36	9,10
40,39	9,31
40,41	9,40
40,43	9,57
40,46	9,64
40,48	9,89
40,51	10,02
40,53	10,22
40,56	10,38
40,58	10,51
40,61	10,69
40,63	10,90
40,65	11,12
40,68	11,32
40,70	11,55
40,73	11,69
40,75	11,92
40,78	12,07
40,80	12,36
40,83	12,49
40,85	12,76
40,87	12,85
40,90	13,10
40,92	13,22
40,95	13,61
40,97	13,74
41,00	14,12
41,02	14,19
41,05	14,57
41,07	14,69
41,09	15,13
41,12	15,18
41,14	15,55
41,17	15,54
41,19	15,91
41,22	15,97
41,24	16,38
41,26	16,39
41,29	16,78
41,31	16,78
41,34	17,26
41,36	17,28
41,39	17,67
41,41	17,70
41,44	18,09
41,46	18,10
41,48	18,54
41,51	18,49
41,53	18,87
41,56	18,88
41,58	19,21
41,61	19,22
41,63	19,61
41,66	19,61
41,68	19,97
41,70	19,94
41,73	20,24
41,75	20,28
41,78	20,61
41,80	20,61
41,83	20,82
41,85	20,77
41,88	21,05
41,90	21,08
41,92	21,29
41,95	21,32
41,97	21,44
42,00	21,44
42,02	21,63
42,05	21,67
42,07	21,82
42,10	21,84
42,12	21,84
42,14	21,83
42,17	21,86
42,19	21,90
42,22	21,92
42,24	21,92
42,27	21,85
42,29	21,82
42,31	21,76
42,34	21,81
42,36	21,71
42,39	21,71
42,41	21,53
42,44	21,51
42,46	21,36
42,49	21,42
42,51	21,25
42,53	21,29
42,56	21,01
42,58	21,01
42,61	20,79
42,63	20,84
42,66	20,57
42,68	20,59
42,71	20,21
42,73	20,24
42,75	19,91
42,78	19,93
42,80	19,58
42,83	19,56
42,85	19,12
42,88	19,17
42,90	18,78
42,93	18,78
42,95	18,39
42,97	18,34
43,00	17,93
43,02	17,96
43,05	17,54
43,07	17,49
43,10	17,08
43,12	16,99
43,15	16,61
43,17	16,59
43,19	16,17
43,22	16,11
43,24	15,75
43,27	15,71
43,29	15,38
43,32	15,34
43,34	15,02
43,36	14,92
43,39	14,56
43,41	14,49
43,44	14,19
43,46	14,12
43,49	13,81
43,51	13,64
43,54	13,37
43,56	13,29
43,58	13,05
43,61	12,95
43,63	12,72
43,66	12,58
43,68	12,37
43,71	12,26
43,73	12,12
43,76	11,98
43,78	11,82
43,80	11,64
43,83	11,47
43,85	11,34
43,88	11,29
43,90	11,12
43,93	11,07
43,95	10,87
43,98	10,81
44,00	10,69
44,02	10,71
44,05	10,51
44,07	10,52
44,10	10,26
44,12	10,27
44,15	10,09
44,17	10,17
44,20	9,99
44,22	10,08
44,24	9,84
44,27	9,99
44,29	9,79
44,32	9,99
44,34	9,79
44,37	9,94
44,39	9,67
44,41	9,88
44,44	9,65
44,46	9,89
44,49	9,64
44,51	9,83
44,54	9,59
44,56	9,89
44,59	9,66
44,61	9,95
44,63	9,74
44,66	9,99
44,68	9,77
44,71	10,09
44,73	9,88
44,76	10,16
44,78	9,99
44,81	10,27
44,83	10,13
44,85	10,50
44,88	10,37
44,90	10,66
44,93	10,56
44,95	10,82
44,98	10,78
45,00	11,14
45,03	11,09
45,05	11,35
45,07	11,30
45,10	11,58
45,12	11,64
45,15	11,94
45,17	11,98
45,20	12,22
45,22	12,26
45,25	12,57
45,27	12,74
45,29	13,04
45,32	13,17
45,34	13,36
45,37	13,49
45,39	13,74
45,42	13,97
45,44	14,20
45,47	14,42
45,49	14,60
45,51	14,82
45,54	15,08
45,56	15,41
45,59	15,63
45,61	15,97
45,64	16,12
45,66	16,43
45,68	16,60
45,71	16,97
45,73	17,15
45,76	17,52
45,78	17,57
45,81	17,94
45,83	18,08
45,86	18,59
45,88	18,74
45,90	19,20
45,93	19,29
45,95	19,78
45,98	19,93
46,00	20,46
46,03	20,51
46,05	20,97
46,08	20,99
46,10	21,51
46,12	21,56
46,15	22,08
46,17	22,15
46,20	22,68
46,22	22,71
46,25	23,29
46,27	23,34
46,30	23,88
46,32	23,94
46,34	24,47
46,37	24,47
46,39	25,04
46,42	25,03
46,44	25,49
46,47	25,53
46,49	25,96
46,52	25,97
46,54	26,52
46,56	26,53
46,59	26,98
46,61	27,03
46,64	27,42
46,66	27,55
46,69	27,97
46,71	28,01
46,73	28,32
46,76	28,33
46,78	28,64
46,81	28,76
46,83	29,01
46,86	29,09
46,88	29,29
46,91	29,37
46,93	29,61
46,95	29,72
46,98	29,90
47,00	30,01
47,03	30,03
47,05	30,08
47,08	30,15
47,10	30,26
47,13	30,33
47,15	30,39
47,17	30,30
47,20	30,38
47,22	30,35
47,25	30,50
47,27	30,42
47,30	30,47
47,32	30,25
47,35	30,31
47,37	30,11
47,39	30,27
47,42	30,03
47,44	30,08
47,47	29,76
47,49	29,85
47,52	29,57
47,54	29,68
47,57	29,28
47,59	29,33
47,61	28,90
47,64	28,96
47,66	28,55
47,69	28,59
47,71	28,13
47,74	28,13
47,76	27,63
47,78	27,71
47,81	27,25
47,83	27,25
47,86	26,76
47,88	26,75
47,91	26,27
47,93	26,29
47,96	25,74
47,98	25,63
48,00	25,14
48,03	25,03
48,05	24,52
48,08	24,45
48,10	23,96
48,13	23,86
48,15	23,41
48,18	23,32
48,20	22,94
48,22	22,86
48,25	22,44
48,27	22,24
48,30	21,80
48,32	21,64
48,35	21,24
48,37	21,06
48,40	20,67
48,42	20,45
48,44	20,07
48,47	19,93
48,49	19,65
48,52	19,51
48,54	19,25
48,57	19,02
48,59	18,74
48,62	18,55
48,64	18,32
48,66	18,14
48,69	17,91
48,71	17,60
48,74	17,36
48,76	17,13
48,79	17,01
48,81	16,79
48,84	16,55
48,86	16,37
48,88	16,27
48,91	16,12
48,93	15,98
48,96	15,74
48,98	15,63
49,01	15,52
49,03	15,40
49,05	15,20
49,08	15,08
49,10	14,94
49,13	14,98
49,15	14,85
49,18	14,89
49,20	14,67
49,23	14,68
49,25	14,55
49,27	14,68
49,30	14,49
49,32	14,57
49,35	14,30
49,37	14,43
49,40	14,28
49,42	14,50
49,45	14,33
49,47	14,51
49,49	14,27
49,52	14,54
49,54	14,36
49,57	14,64
49,59	14,44
49,62	14,68
49,64	14,46
49,67	14,79
49,69	14,59
49,71	14,92
49,74	14,77
49,76	15,07
49,79	14,93
49,81	15,32
49,84	15,15
49,86	15,53
49,89	15,40
49,91	15,72
49,93	15,62
49,96	16,04
49,98	15,93
50,01	16,33
50,03	16,24
50,06	16,63
50,08	16,65
50,10	17,09
50,13	17,11
50,15	17,50
50,18	17,50
50,20	17,90
50,23	18,00
50,25	18,43
50,28	18,52
50,30	18,82
50,32	18,91
50,35	19,29
50,37	19,49
50,40	19,90
50,42	20,09
50,45	20,43
50,47	20,65
50,50	21,06
50,52	21,41
50,54	21,75
50,57	22,02
50,59	22,32
50,62	22,57
50,64	22,90
50,67	23,27
50,69	23,58
50,72	23,99
50,74	24,28
50,76	24,66
50,79	25,03
50,81	25,54
50,84	25,86
50,86	26,36
50,89	26,54
50,91	26,99
50,94	27,25
50,96	27,77
50,98	28,03
51,01	28,52
51,03	28,66
51,06	29,27
51,08	29,49
51,11	30,13
51,13	30,35
51,15	30,92
51,18	31,09
51,20	31,71
51,23	31,87
51,25	32,49
51,28	32,62
51,30	33,18
51,33	33,23
51,35	33,84
51,37	33,91
51,40	34,48
51,42	34,59
51,45	35,15
51,47	35,22
51,50	35,85
51,52	35,92
51,55	36,49
51,57	36,59
51,59	37,06
51,62	37,12
51,64	37,66
51,67	37,71
51,69	38,14
51,72	38,18
51,74	38,57
51,77	38,68
51,79	39,14
51,81	39,16
51,84	39,48
51,86	39,49
51,89	39,83
51,91	39,92
51,94	40,18
51,96	40,20
51,99	40,43
52,01	40,43
52,03	40,65
52,06	40,69
52,08	40,86
52,11	40,94
52,13	41,01
52,16	41,00
52,18	41,08
52,20	41,17
52,23	41,19
52,25	41,21
52,28	41,09
52,30	41,05
52,33	41,01
52,35	41,05
52,38	40,94
52,40	40,98
52,42	40,72
52,45	40,72
52,47	40,48
52,50	40,51
52,52	40,24
52,55	40,19
52,57	39,77
52,60	39,76
52,62	39,34
52,64	39,41
52,67	38,99
52,69	38,98
52,72	38,53
52,74	38,53
52,77	38,08
52,79	38,13
52,82	37,59
52,84	37,54
52,86	36,98
52,89	36,92
52,91	36,35
52,94	36,25
52,96	35,68
52,99	35,58
53,01	35,01
53,04	34,96
53,06	34,40
53,08	34,30
53,11	33,77
53,13	33,62
53,16	33,06
53,18	32,99
53,21	32,37
53,23	32,16
53,26	31,59
53,28	31,37
53,30	30,85
53,33	30,73
53,35	30,21
53,38	30,06
53,40	29,59
53,43	29,44
53,45	29,08
53,47	28,94
53,50	28,46
53,52	28,20
53,55	27,72
53,57	27,50
53,60	27,13
53,62	26,89
53,65	26,50
53,67	26,24
53,69	25,90
53,72	25,73
53,74	25,47
53,77	25,28
53,79	25,05
53,82	24,80
53,84	24,57
53,87	24,32
53,89	24,14
53,91	23,94
53,94	23,77
53,96	23,45
53,99	23,29
54,01	23,04
54,04	23,06
54,06	22,82
54,09	22,78
54,11	22,46
54,13	22,43
54,16	22,19
54,18	22,32
54,21	22,04
54,23	22,12
54,26	21,80
54,28	21,93
54,31	21,72
54,33	21,90
54,35	21,62
54,38	21,77
54,40	21,47
54,43	21,69
54,45	21,47
54,48	21,69
54,50	21,48
54,52	21,70
54,55	21,45
54,57	21,77
54,60	21,55
54,62	21,83
54,65	21,70
54,67	21,97
54,70	21,80
54,72	22,18
54,74	22,03
54,77	22,37
54,79	22,25
54,82	22,55
54,84	22,49
54,87	22,89
54,89	22,83
54,92	23,19
54,94	23,17
54,96	23,58
54,99	23,68
55,01	24,13
55,04	24,24
55,06	24,62
55,09	24,65
55,11	25,04
55,14	25,17
55,16	25,54
55,18	25,69
55,21	25,97
55,23	26,12
55,26	26,58
55,28	26,89
55,31	27,32
55,33	27,62
55,36	27,96
55,38	28,28
55,40	28,71
55,43	29,03
55,45	29,37
55,48	29,70
55,50	29,96
55,53	30,31
55,55	30,66
55,57	31,12
55,60	31,51
55,62	32,04
55,65	32,38
55,67	32,90
55,70	33,29
55,72	33,94
55,75	34,30
55,77	34,83
55,79	35,05
55,82	35,58
55,84	35,89
55,87	36,52
55,89	36,77
55,92	37,37
55,94	37,66
55,97	38,33
55,99	38,66
56,01	39,38
56,04	39,70
56,06	40,41
56,09	40,66
56,11	41,40
56,14	41,61
56,16	42,28
56,19	42,49
56,21	43,12
56,23	43,27
56,26	43,96
56,28	44,14
56,31	44,89
56,33	45,16
56,36	45,83
56,38	46,08
56,41	46,85
56,43	47,09
56,45	47,75
56,48	47,91
56,50	48,48
56,53	48,69
56,55	49,13
56,58	49,24
56,60	49,54
56,62	49,60
56,65	49,88
56,67	49,90
56,70	50,00
56,72	50,00
56,75	50,00
56,77	50,00
56,80	50,00
56,82	50,00
56,84	50,00
56,87	50,00
56,89	50,00
56,92	50,00
56,94	50,00
56,97	50,00
56,99	50,00
57,02	50,00
57,04	50,00
57,06	50,00
57,09	50,00
57,11	50,00
57,14	50,00
57,16	50,00
57,19	50,00
57,21	50,00
57,24	50,00
57,26	50,00
57,28	50,00
57,31	50,00
57,33	50,00
57,36	50,00
57,38	50,00
57,41	50,00
57,43	50,00
57,46	50,00
57,48	50,00
57,50	50,00
57,53	50,00
57,55	50,00
57,58	50,00
57,60	50,00
57,63	50,00
57,65	50,00
57,68	50,00
57,70	50,00
57,72	50,00
57,75	50,00
57,77	50,00
57,80	50,00
57,82	50,00
57,85	50,00
57,87	50,00
57,89	50,00
57,92	50,00
57,94	50,00
57,97	49,92
57,99	49,92
58,02	49,72
58,04	49,63
58,07	49,35
58,09	49,16
58,11	48,82
58,14	48,57
58,16	48,02
58,19	47,76
58,21	47,30
58,24	47,07
58,26	46,60
58,29	46,27
58,31	45,74
58,33	45,48
58,36	45,03
58,38	44,70
58,41	44,22
58,43	43,85
58,46	43,34
58,48	43,06
58,51	42,67
58,53	42,32
58,55	41,90
58,58	41,55
58,60	41,18
58,63	40,86
58,65	40,57
58,68	40,23
58,70	40,01
58,73	39,64
58,75	39,26
58,77	38,90
58,80	38,71
58,82	38,32
58,85	38,15
58,87	37,65
58,90	37,45
58,92	37,13
58,94	37,06
58,97	36,70
58,99	36,62
59,02	36,15
59,04	36,13
59,07	35,77
59,09	35,77
59,12	35,36
59,14	35,32
59,16	34,88
59,19	34,95
59,21	34,58
59,24	34,69
59,26	34,35
59,29	34,42
59,31	34,11
59,34	34,25
59,36	33,93
59,38	34,08
59,41	33,79
59,43	33,94
59,46	33,69
59,48	33,87
59,51	33,63
59,53	33,84
59,56	33,65
59,58	33,87
59,60	33,72
59,63	33,99
59,65	33,86
59,68	34,11
59,70	34,01
59,73	34,31
59,75	34,28
59,78	34,61
59,80	34,60
59,82	34,89
59,85	34,89
59,87	35,21
59,90	35,31
59,92	35,66
59,95	35,82
59,97	36,12
59,99	36,28
