Voltage U1	Corriente IA
U1/V	IA/nA

0,02	1,06
0,04	1,04
0,07	0,83
0,09	0,83
0,12	0,62
0,14	0,79
0,17	0,57
0,19	0,76
0,21	0,57
0,24	0,79
0,26	0,58
0,29	0,75
0,31	0,57
0,34	0,73
0,36	0,54
0,39	0,74
0,41	0,52
0,43	0,66
0,46	0,50
0,48	0,63
0,51	0,48
0,53	0,65
0,56	0,46
0,58	0,58
0,61	0,43
0,63	0,54
0,65	0,45
0,68	0,60
0,70	0,47
0,73	0,55
0,75	0,43
0,78	0,52
0,80	0,49
0,83	0,58
0,85	0,50
0,87	0,54
0,90	0,45
0,92	0,52
0,95	0,51
0,97	0,55
1,00	0,55
1,02	0,52
1,05	0,50
1,07	0,53
1,09	0,59
1,12	0,60
1,14	0,66
1,17	0,54
1,19	0,56
1,22	0,50
1,24	0,66
1,26	0,59
1,29	0,71
1,31	0,53
1,34	0,64
1,36	0,57
1,39	0,78
1,41	0,62
1,44	0,77
1,46	0,57
1,48	0,73
1,51	0,61
1,53	0,83
1,56	0,62
1,58	0,82
1,61	0,60
1,63	0,81
1,66	0,65
1,68	0,87
1,70	0,66
1,73	0,86
1,75	0,63
1,78	0,85
1,80	0,64
1,83	0,83
1,85	0,61
1,88	0,77
1,90	0,57
1,92	0,80
1,95	0,57
1,97	0,74
2,00	0,55
2,02	0,70
2,05	0,55
2,07	0,72
2,10	0,49
2,12	0,66
2,14	0,49
2,17	0,62
2,19	0,48
2,22	0,65
2,24	0,51
2,27	0,62
2,29	0,46
2,31	0,57
2,34	0,48
2,36	0,63
2,39	0,52
2,41	0,58
2,44	0,46
2,46	0,55
2,49	0,51
2,51	0,60
2,53	0,52
2,56	0,52
2,58	0,46
2,61	0,51
2,63	0,52
2,66	0,55
2,68	0,59
2,71	0,55
2,73	0,54
2,75	0,53
2,78	0,64
2,80	0,60
2,83	0,70
2,85	0,54
2,88	0,60
2,90	0,54
2,93	0,71
2,95	0,61
2,97	0,76
3,00	0,57
3,02	0,69
3,05	0,60
3,07	0,80
3,10	0,63
3,12	0,82
3,15	0,60
3,17	0,79
3,19	0,65
3,22	0,87
3,24	0,68
3,27	0,87
3,29	0,63
3,32	0,85
3,34	0,66
3,36	0,87
3,39	0,64
3,41	0,83
3,44	0,61
3,46	0,83
3,49	0,61
3,51	0,79
3,54	0,58
3,56	0,74
3,58	0,56
3,61	0,78
3,63	0,56
3,66	0,72
3,68	0,54
3,71	0,68
3,73	0,52
3,76	0,70
3,78	0,48
3,80	0,60
3,83	0,44
3,85	0,59
3,88	0,46
3,90	0,64
3,93	0,48
3,95	0,59
3,98	0,48
4,00	0,57
4,02	0,46
4,05	0,61
4,07	0,49
4,10	0,55
4,12	0,45
4,15	0,53
4,17	0,52
4,20	0,59
4,22	0,53
4,24	0,54
4,27	0,47
4,29	0,50
4,32	0,56
4,34	0,58
4,37	0,63
4,39	0,57
4,42	0,56
4,44	0,55
4,46	0,70
4,49	0,64
4,51	0,74
4,54	0,58
4,56	0,64
4,59	0,59
4,61	0,78
4,63	0,64
4,66	0,79
4,68	0,59
4,71	0,75
4,73	0,64
4,76	0,86
4,78	0,67
4,81	0,86
4,83	0,63
4,85	0,84
4,88	0,69
4,90	0,92
4,93	0,70
4,95	0,92
4,98	0,69
5,00	0,92
5,03	0,70
5,05	0,95
5,07	0,71
5,10	0,91
5,12	0,68
5,15	0,93
5,17	0,70
5,20	0,89
5,22	0,64
5,25	0,82
5,27	0,62
5,29	0,87
5,32	0,62
5,34	0,80
5,37	0,61
5,39	0,77
5,42	0,59
5,44	0,80
5,47	0,56
5,49	0,70
5,51	0,52
5,54	0,64
5,56	0,50
5,59	0,69
5,61	0,51
5,64	0,62
5,66	0,48
5,68	0,58
5,71	0,52
5,73	0,66
5,76	0,55
5,78	0,63
5,81	0,53
5,83	0,62
5,86	0,63
5,88	0,70
5,90	0,67
5,93	0,66
5,95	0,58
5,98	0,63
6,00	0,68
6,03	0,69
6,05	0,77
6,08	0,67
6,10	0,71
6,12	0,68
6,15	0,83
6,17	0,78
6,20	0,89
6,22	0,69
6,25	0,80
6,27	0,70
6,30	0,92
6,32	0,77
6,34	0,93
6,37	0,69
6,39	0,90
6,42	0,75
6,44	1,01
6,47	0,81
6,49	1,03
6,52	0,78
6,54	1,02
6,56	0,81
6,59	1,08
6,61	0,83
6,64	1,05
6,66	0,77
6,69	1,04
6,71	0,80
6,73	1,03
6,76	0,76
6,78	1,01
6,81	0,76
6,83	1,04
6,86	0,77
6,88	0,99
6,91	0,76
6,93	0,98
6,95	0,73
6,98	1,00
7,00	0,72
7,03	0,93
7,05	0,71
7,08	0,89
7,10	0,71
7,13	0,94
7,15	0,73
7,17	0,91
7,20	0,70
7,22	0,87
7,25	0,78
7,27	0,98
7,30	0,83
7,32	0,94
7,35	0,79
7,37	0,94
7,39	0,89
7,42	1,00
7,44	0,92
7,47	0,97
7,49	0,88
7,52	1,01
7,54	1,03
7,57	1,10
7,59	1,11
7,61	1,06
7,64	1,06
7,66	1,09
7,69	1,15
7,71	1,15
7,74	1,21
7,76	1,06
7,78	1,13
7,81	1,06
7,83	1,24
7,86	1,15
7,88	1,29
7,91	1,10
7,93	1,28
7,96	1,16
7,98	1,43
8,00	1,25
8,03	1,45
8,05	1,18
8,08	1,42
8,10	1,21
8,13	1,48
8,15	1,21
8,18	1,46
8,20	1,15
8,22	1,42
8,25	1,18
8,27	1,47
8,30	1,22
8,32	1,45
8,35	1,12
8,37	1,45
8,40	1,16
8,42	1,41
8,44	1,14
8,47	1,34
8,49	1,07
8,52	1,40
8,54	1,09
8,57	1,34
8,59	1,08
8,62	1,30
8,64	1,11
8,66	1,40
8,69	1,14
8,71	1,37
8,74	1,13
8,76	1,33
8,79	1,17
8,81	1,38
8,84	1,20
8,86	1,33
8,88	1,11
8,91	1,30
8,93	1,19
8,96	1,36
8,98	1,25
9,01	1,33
9,03	1,21
9,05	1,36
9,08	1,32
9,10	1,46
9,13	1,41
9,15	1,41
9,18	1,34
9,20	1,40
9,23	1,44
9,25	1,47
9,27	1,48
9,30	1,41
9,32	1,41
9,35	1,40
9,37	1,55
9,40	1,50
9,42	1,60
9,45	1,46
9,47	1,54
9,49	1,46
9,52	1,66
9,54	1,53
9,57	1,69
9,59	1,45
9,62	1,60
9,64	1,45
9,67	1,69
9,69	1,49
9,71	1,70
9,74	1,41
9,76	1,66
9,79	1,45
9,81	1,73
9,84	1,51
9,86	1,75
9,89	1,44
9,91	1,73
9,93	1,44
9,96	1,71
9,98	1,45
10,01	1,67
10,03	1,35
10,06	1,67
10,08	1,36
10,10	1,66
10,13	1,39
10,15	1,62
10,18	1,36
10,20	1,69
10,23	1,40
10,25	1,66
10,28	1,40
10,30	1,64
10,32	1,43
10,35	1,68
10,37	1,46
10,40	1,63
10,42	1,40
10,45	1,60
10,47	1,45
10,50	1,67
10,52	1,52
10,54	1,63
10,57	1,51
10,59	1,69
10,62	1,62
10,64	1,77
10,67	1,65
10,69	1,71
10,72	1,62
10,74	1,71
10,76	1,71
10,79	1,79
10,81	1,77
10,84	1,79
10,86	1,76
10,89	1,81
10,91	1,91
10,94	1,94
10,96	2,03
10,98	1,95
11,01	1,96
11,03	1,94
11,06	2,11
11,08	2,06
11,11	2,20
11,13	1,99
11,15	2,13
11,18	2,06
11,20	2,29
11,23	2,15
11,25	2,33
11,28	2,08
11,30	2,36
11,33	2,20
11,35	2,48
11,37	2,30
11,40	2,53
11,42	2,27
11,45	2,54
11,47	2,29
11,50	2,60
11,52	2,36
11,55	2,60
11,57	2,33
11,59	2,64
11,62	2,38
11,64	2,68
11,67	2,41
11,69	2,67
11,72	2,41
11,74	2,74
11,77	2,48
11,79	2,77
11,81	2,53
11,84	2,79
11,86	2,55
11,89	2,87
11,91	2,62
11,94	2,87
11,96	2,65
11,99	2,90
12,01	2,75
12,03	3,05
12,06	2,87
12,08	3,04
12,11	2,85
12,13	3,04
12,16	2,94
12,18	3,13
12,21	3,00
12,23	3,12
12,25	2,97
12,28	3,14
12,30	3,14
12,33	3,26
12,35	3,21
12,38	3,27
12,40	3,20
12,42	3,33
12,45	3,36
12,47	3,43
12,50	3,45
12,52	3,42
12,55	3,41
12,57	3,43
12,60	3,53
12,62	3,53
12,64	3,63
12,67	3,51
12,69	3,58
12,72	3,52
12,74	3,71
12,77	3,66
12,79	3,80
12,82	3,57
12,84	3,72
12,86	3,59
12,89	3,82
12,91	3,61
12,94	3,77
12,96	3,50
12,99	3,72
13,01	3,51
13,04	3,79
13,06	3,55
13,08	3,79
13,11	3,49
13,13	3,76
13,16	3,49
13,18	3,77
13,21	3,49
13,23	3,71
13,26	3,38
13,28	3,69
13,30	3,40
13,33	3,63
13,35	3,36
13,38	3,57
13,40	3,28
13,43	3,61
13,45	3,30
13,47	3,51
13,50	3,28
13,52	3,45
13,55	3,21
13,57	3,48
13,60	3,22
13,62	3,42
13,65	3,18
13,67	3,35
13,69	3,21
13,72	3,41
13,74	3,22
13,77	3,32
13,79	3,11
13,82	3,27
13,84	3,18
13,87	3,31
13,89	3,20
13,91	3,27
13,94	3,14
13,96	3,26
13,99	3,21
14,01	3,28
14,04	3,24
14,06	3,20
14,09	3,12
14,11	3,15
14,13	3,19
14,16	3,21
14,18	3,24
14,21	3,12
14,23	3,14
14,26	3,11
14,28	3,26
14,31	3,19
14,33	3,28
14,35	3,09
14,38	3,20
14,40	3,10
14,43	3,31
14,45	3,14
14,48	3,29
14,50	3,06
14,52	3,26
14,55	3,08
14,57	3,33
14,60	3,11
14,62	3,35
14,65	3,07
14,67	3,31
14,70	3,09
14,72	3,38
14,74	3,13
14,77	3,38
14,79	3,04
14,82	3,33
14,84	3,06
14,87	3,32
14,89	3,07
14,92	3,30
14,94	2,99
14,96	3,34
14,99	3,08
15,01	3,34
15,04	3,10
15,06	3,31
15,09	3,06
15,11	3,39
15,14	3,13
15,16	3,37
15,18	3,12
15,21	3,35
15,23	3,21
15,26	3,52
15,28	3,32
15,31	3,52
15,33	3,31
15,36	3,56
15,38	3,46
15,40	3,66
15,43	3,54
15,45	3,67
15,48	3,54
15,50	3,76
15,53	3,71
15,55	3,88
15,57	3,83
15,60	3,93
15,62	3,89
15,65	4,05
15,67	4,08
15,70	4,21
15,72	4,24
15,75	4,25
15,77	4,25
15,79	4,30
15,82	4,44
15,84	4,49
15,87	4,60
15,89	4,55
15,92	4,64
15,94	4,65
15,97	4,90
15,99	4,87
16,01	5,04
16,04	4,91
16,06	5,09
16,09	5,07
16,11	5,36
16,14	5,24
16,16	5,49
16,19	5,31
16,21	5,61
16,23	5,53
16,26	5,87
16,28	5,74
16,31	6,05
16,33	5,84
16,36	6,18
16,38	5,98
16,41	6,31
16,43	6,13
16,45	6,43
16,48	6,17
16,50	6,55
16,53	6,35
16,55	6,72
16,58	6,54
16,60	6,85
16,63	6,67
16,65	7,08
16,67	6,88
16,70	7,23
16,72	7,04
16,75	7,33
16,77	7,18
16,80	7,55
16,82	7,38
16,84	7,67
16,87	7,50
16,89	7,78
16,92	7,70
16,94	8,01
16,97	7,91
16,99	8,11
17,02	7,97
17,04	8,23
17,06	8,19
17,09	8,43
17,11	8,36
17,14	8,47
17,16	8,39
17,19	8,57
17,21	8,57
17,24	8,72
17,26	8,68
17,28	8,72
17,31	8,68
17,33	8,77
17,36	8,86
17,38	8,89
17,41	8,93
17,43	8,88
17,46	8,87
17,48	8,86
17,50	8,99
17,53	8,94
17,55	9,02
17,58	8,85
17,60	8,91
17,63	8,84
17,65	9,02
17,68	8,87
17,70	9,00
17,72	8,75
17,75	8,89
17,77	8,71
17,80	8,91
17,82	8,69
17,85	8,84
17,87	8,50
17,89	8,71
17,92	8,45
17,94	8,68
17,97	8,38
17,99	8,54
18,02	8,18
18,04	8,40
18,07	8,06
18,09	8,29
18,11	7,93
18,14	8,08
18,16	7,73
18,19	7,98
18,21	7,64
18,24	7,82
18,26	7,47
18,29	7,63
18,31	7,32
18,33	7,53
18,36	7,19
18,38	7,35
18,41	7,03
18,43	7,20
18,46	6,93
18,48	7,11
18,51	6,83
18,53	6,94
18,55	6,67
18,58	6,80
18,60	6,58
18,63	6,74
18,65	6,51
18,68	6,55
18,70	6,30
18,73	6,39
18,75	6,25
18,77	6,33
18,80	6,16
18,82	6,16
18,85	6,00
18,87	6,08
18,90	6,04
18,92	6,07
18,94	6,02
18,97	5,97
18,99	5,88
19,02	5,89
19,04	5,91
19,07	5,87
19,09	5,90
19,12	5,74
19,14	5,72
19,16	5,67
19,19	5,81
19,21	5,71
19,24	5,81
19,26	5,59
19,29	5,70
19,31	5,59
19,34	5,78
19,36	5,58
19,38	5,72
19,41	5,45
19,43	5,65
19,46	5,47
19,48	5,72
19,51	5,51
19,53	5,74
19,56	5,47
19,58	5,73
19,60	5,48
19,63	5,80
19,65	5,56
19,68	5,82
19,70	5,53
19,73	5,87
19,75	5,61
19,78	5,91
19,80	5,64
19,82	5,90
19,85	5,62
19,87	5,96
19,90	5,72
19,92	6,02
19,95	5,80
19,97	6,07
19,99	5,86
20,02	6,24
20,04	6,04
20,07	6,29
20,09	6,10
20,12	6,37
20,14	6,26
20,17	6,59
20,19	6,44
20,21	6,65
20,24	6,50
20,26	6,76
20,29	6,71
20,31	6,96
20,34	6,90
20,36	7,09
20,39	7,03
20,41	7,30
20,43	7,36
20,46	7,60
20,48	7,62
20,51	7,76
20,53	7,77
20,56	7,97
20,58	8,06
20,61	8,22
20,63	8,35
20,65	8,41
20,68	8,49
20,70	8,64
20,73	8,86
20,75	9,01
20,78	9,22
20,80	9,20
20,83	9,41
20,85	9,49
20,87	9,80
20,90	9,83
20,92	10,07
20,95	10,00
20,97	10,27
21,00	10,29
21,02	10,68
21,05	10,65
21,07	10,99
21,09	10,93
21,12	11,32
21,14	11,32
21,17	11,75
21,19	11,71
21,22	12,12
21,24	12,00
21,26	12,40
21,29	12,31
21,31	12,75
21,34	12,67
21,36	13,08
21,39	12,93
21,41	13,43
21,44	13,35
21,46	13,83
21,48	13,78
21,51	14,20
21,53	14,11
21,56	14,64
21,58	14,48
21,61	14,91
21,63	14,81
21,66	15,17
21,68	15,11
21,70	15,54
21,73	15,43
21,75	15,87
21,78	15,78
21,80	16,15
21,83	16,17
21,85	16,57
21,88	16,52
21,90	16,82
21,92	16,72
21,95	17,02
21,97	17,03
22,00	17,25
22,02	17,22
22,05	17,39
22,07	17,32
22,10	17,56
22,12	17,58
22,14	17,76
22,17	17,78
22,19	17,82
22,22	17,81
22,24	17,89
22,27	17,95
22,29	18,00
22,31	17,99
22,34	17,89
22,36	17,89
22,39	17,82
22,41	17,93
22,44	17,85
22,46	17,91
22,49	17,74
22,51	17,79
22,53	17,62
22,56	17,79
22,58	17,59
22,61	17,64
22,63	17,31
22,66	17,39
22,68	17,15
22,71	17,30
22,73	16,95
22,75	17,03
22,78	16,61
22,80	16,73
22,83	16,37
22,85	16,48
22,88	16,08
22,90	16,15
22,93	15,69
22,95	15,84
22,97	15,40
23,00	15,51
23,02	15,09
23,05	15,14
23,07	14,70
23,10	14,85
23,12	14,40
23,15	14,47
23,17	14,03
23,19	14,06
23,22	13,64
23,24	13,75
23,27	13,28
23,29	13,34
23,32	12,93
23,34	12,98
23,36	12,64
23,39	12,74
23,41	12,38
23,44	12,42
23,46	12,03
23,49	12,07
23,51	11,76
23,54	11,81
23,56	11,50
23,58	11,46
23,61	11,15
23,63	11,17
23,66	10,97
23,68	11,04
23,71	10,80
23,73	10,75
23,76	10,54
23,78	10,53
23,80	10,42
23,83	10,39
23,85	10,25
23,88	10,14
23,90	10,00
23,93	9,94
23,95	9,94
23,98	9,87
24,00	9,87
24,02	9,72
24,05	9,69
24,07	9,62
24,10	9,75
24,12	9,64
24,15	9,70
24,17	9,47
24,20	9,52
24,22	9,40
24,24	9,57
24,27	9,39
24,29	9,53
24,32	9,30
24,34	9,50
24,37	9,34
24,39	9,59
24,42	9,42
24,44	9,63
24,46	9,37
24,49	9,64
24,51	9,41
24,54	9,73
24,56	9,53
24,59	9,79
24,61	9,54
24,63	9,89
24,66	9,66
24,68	10,03
24,71	9,82
24,73	10,10
24,76	9,89
24,78	10,28
24,81	10,09
24,83	10,44
24,85	10,26
24,88	10,58
24,90	10,44
24,93	10,83
24,95	10,69
24,98	11,02
25,00	10,89
25,03	11,23
25,05	11,17
25,07	11,56
25,10	11,49
25,12	11,77
25,15	11,72
25,17	12,06
25,20	12,07
25,22	12,42
25,25	12,42
25,27	12,70
25,29	12,73
25,32	13,06
25,34	13,19
25,37	13,51
25,39	13,60
25,42	13,84
25,44	13,91
25,47	14,17
25,49	14,35
25,51	14,61
25,54	14,79
25,56	14,97
25,59	15,16
25,61	15,42
25,64	15,74
25,66	15,99
25,68	16,31
25,71	16,45
25,73	16,73
25,76	16,95
25,78	17,33
25,81	17,48
25,83	17,81
25,86	17,84
25,88	18,24
25,90	18,39
25,93	18,83
25,95	18,99
25,98	19,42
26,00	19,49
26,03	20,00
26,05	20,09
26,08	20,66
26,10	20,76
26,12	21,22
26,15	21,23
26,17	21,76
26,20	21,79
26,22	22,36
26,25	22,40
26,27	22,93
26,30	22,94
26,32	23,59
26,34	23,62
26,37	24,22
26,39	24,27
26,42	24,83
26,44	24,83
26,47	25,43
26,49	25,39
26,52	25,94
26,54	25,95
26,56	26,44
26,59	26,44
26,61	27,05
26,64	27,11
26,66	27,64
26,69	27,70
26,71	28,19
26,73	28,29
26,76	28,82
26,78	28,86
26,81	29,26
26,83	29,26
26,86	29,62
26,88	29,70
26,91	30,05
26,93	30,08
26,95	30,33
26,98	30,33
27,00	30,67
27,03	30,78
27,05	31,03
27,08	31,09
27,10	31,21
27,13	31,22
27,15	31,37
27,17	31,40
27,20	31,50
27,22	31,54
27,25	31,50
27,27	31,50
27,30	31,49
27,32	31,55
27,35	31,54
27,37	31,58
27,39	31,35
27,42	31,34
27,44	31,17
27,47	31,24
27,49	31,03
27,52	31,05
27,54	30,71
27,57	30,73
27,59	30,47
27,61	30,58
27,64	30,22
27,66	30,25
27,69	29,77
27,71	29,79
27,74	29,37
27,76	29,42
27,78	28,91
27,81	28,90
27,83	28,33
27,86	28,36
27,88	27,87
27,91	27,87
27,93	27,32
27,96	27,26
27,98	26,69
28,00	26,73
28,03	26,15
28,05	26,04
28,08	25,50
28,10	25,39
28,13	24,84
28,15	24,83
28,18	24,24
28,20	24,14
28,22	23,64
28,25	23,58
28,27	23,13
28,30	23,10
28,32	22,60
28,35	22,52
28,37	22,06
28,40	21,97
28,42	21,54
28,44	21,45
28,47	21,02
28,49	20,88
28,52	20,43
28,54	20,35
28,57	20,03
28,59	19,95
28,62	19,64
28,64	19,48
28,66	19,17
28,69	19,12
28,71	18,91
28,74	18,81
28,76	18,57
28,79	18,38
28,81	18,17
28,84	18,03
28,86	17,92
28,88	17,80
28,91	17,70
28,93	17,51
28,96	17,40
28,98	17,27
29,01	17,34
29,03	17,18
29,05	17,19
29,08	16,93
29,10	16,93
29,13	16,77
29,15	16,90
29,18	16,70
29,20	16,83
29,23	16,57
29,25	16,72
29,27	16,56
29,30	16,80
29,32	16,63
29,35	16,84
29,37	16,58
29,40	16,84
29,42	16,65
29,45	16,97
29,47	16,80
29,49	17,09
29,52	16,86
29,54	17,22
29,57	17,03
29,59	17,39
29,62	17,21
29,64	17,53
29,67	17,30
29,69	17,72
29,71	17,52
29,74	17,92
29,76	17,76
29,79	18,14
29,81	18,03
29,84	18,53
29,86	18,42
29,89	18,88
29,91	18,82
29,93	19,25
29,96	19,21
29,98	19,67
30,01	19,65
30,03	20,02
30,06	19,96
30,08	20,38
30,10	20,46
30,13	20,95
30,15	21,04
30,18	21,39
30,20	21,50
30,23	21,99
30,25	22,18
30,28	22,61
30,30	22,73
30,32	23,05
30,35	23,21
30,37	23,61
30,40	23,85
30,42	24,23
30,45	24,47
30,47	24,83
30,50	25,10
30,52	25,53
30,54	25,98
30,57	26,39
30,59	26,78
30,62	27,14
30,64	27,54
30,67	27,91
30,69	28,37
30,72	28,65
30,74	29,09
30,76	29,33
30,79	29,75
30,81	30,06
30,84	30,66
30,86	30,98
30,89	31,57
30,91	31,82
30,94	32,45
30,96	32,78
30,98	33,47
31,01	33,71
31,03	34,28
31,06	34,41
31,08	35,02
31,11	35,19
31,13	35,88
31,15	36,09
31,18	36,80
31,20	37,01
31,23	37,78
31,25	38,00
31,28	38,83
31,30	39,09
31,33	39,82
31,35	39,93
31,37	40,71
31,40	40,89
31,42	41,67
31,45	41,81
31,47	42,49
31,50	42,63
31,52	43,51
31,55	43,75
31,57	44,50
31,59	44,68
31,62	45,36
31,64	45,60
31,67	46,37
31,69	46,58
31,72	47,13
31,74	47,27
31,77	47,84
31,79	48,06
31,81	48,57
31,84	48,70
31,86	49,04
31,89	49,19
31,91	49,56
31,94	49,67
31,96	49,86
31,99	49,86
32,01	49,94
32,03	49,94
32,06	50,00
32,08	50,00
32,11	50,00
32,13	50,00
32,16	50,00
32,18	50,00
32,20	50,00
32,23	50,00
32,25	50,00
32,28	50,00
32,30	50,00
32,33	50,00
32,35	50,00
32,38	50,00
32,40	50,00
32,42	50,00
32,45	50,00
32,47	50,00
32,50	50,00
32,52	50,00
32,55	50,00
32,57	50,00
32,60	49,98
32,62	49,98
32,64	49,88
32,67	49,88
32,69	49,69
32,72	49,69
32,74	49,44
32,77	49,44
32,79	49,11
32,82	49,11
32,84	48,67
32,86	48,62
32,89	48,06
32,91	47,98
32,94	47,31
32,96	47,11
32,99	46,40
33,01	46,20
33,04	45,49
33,06	45,35
33,08	44,60
33,11	44,42
33,13	43,84
33,16	43,68
33,18	43,08
33,21	42,96
33,23	42,32
33,26	42,14
33,28	41,48
33,30	41,23
33,33	40,63
33,35	40,39
33,38	39,80
33,40	39,47
33,43	38,86
33,45	38,68
33,47	38,19
33,50	37,99
33,52	37,51
33,55	37,23
33,57	36,77
33,60	36,59
33,62	36,14
33,65	35,88
33,67	35,45
33,69	35,14
33,72	34,72
33,74	34,49
33,77	34,19
33,79	34,01
33,82	33,78
33,84	33,49
33,87	33,22
33,89	33,00
33,91	32,86
33,94	32,66
33,96	32,48
33,99	32,09
34,01	31,94
34,04	31,70
34,06	31,70
34,09	31,42
34,11	31,39
34,13	31,05
34,16	31,08
34,18	30,86
34,21	31,02
34,23	30,79
34,26	30,90
34,28	30,60
34,31	30,80
34,33	30,60
34,35	30,84
34,38	30,59
34,40	30,83
34,43	30,59
34,45	30,88
34,48	30,70
34,50	31,04
34,52	30,87
34,55	31,18
34,57	30,94
34,60	31,34
34,62	31,16
34,65	31,53
34,67	31,41
34,70	31,79
34,72	31,68
34,74	32,22
34,77	32,13
34,79	32,65
34,82	32,65
34,84	33,07
34,87	33,07
34,89	33,62
34,92	33,60
34,94	34,12
34,96	34,09
34,99	34,57
35,01	34,73
35,04	35,34
35,06	35,47
35,09	35,99
35,11	36,06
35,14	36,68
35,16	36,93
35,18	37,44
35,21	37,64
35,23	38,07
35,26	38,27
35,28	38,84
35,31	39,16
35,33	39,72
35,36	40,11
35,38	40,59
35,40	41,03
35,43	41,60
35,45	42,12
35,48	42,70
35,50	43,20
35,53	43,73
35,55	44,17
35,57	44,65
35,60	45,22
35,62	45,69
35,65	46,26
35,67	46,70
35,70	47,22
35,72	47,81
35,75	48,44
35,77	48,88
35,79	49,29
35,82	49,51
35,84	49,75
35,87	49,89
35,89	50,00
35,92	50,00
35,94	50,00
35,97	50,00
35,99	50,00
36,01	50,00
36,04	50,00
36,06	50,00
36,09	50,00
36,11	50,00
36,14	50,00
36,16	50,00
36,19	50,00
36,21	50,00
36,23	50,00
36,26	50,00
36,28	50,00
36,31	50,00
36,33	50,00
36,36	50,00
36,38	50,00
36,41	50,00
36,43	50,00
36,45	50,00
36,48	50,00
36,50	50,00
36,53	50,00
36,55	50,00
36,58	50,00
36,60	50,00
36,62	50,00
36,65	50,00
36,67	50,00
36,70	50,00
36,72	50,00
36,75	50,00
36,77	50,00
36,80	50,00
36,82	50,00
36,84	50,00
36,87	50,00
36,89	50,00
36,92	50,00
36,94	50,00
36,97	50,00
36,99	50,00
37,02	50,00
37,04	50,00
37,06	50,00
37,09	50,00
37,11	50,00
37,14	50,00
37,16	50,00
37,19	50,00
37,21	50,00
37,24	50,00
37,26	50,00
37,28	50,00
37,31	50,00
37,33	50,00
37,36	50,00
37,38	50,00
37,41	50,00
37,43	50,00
37,46	50,00
37,48	50,00
37,50	50,00
37,53	50,00
37,55	50,00
37,58	50,00
37,60	50,00
37,63	50,00
37,65	50,00
37,68	50,00
37,70	50,00
37,72	50,00
37,75	50,00
37,77	50,00
37,80	50,00
37,82	50,00
37,85	50,00
37,87	50,00
37,89	50,00
37,92	50,00
37,94	50,00
37,97	50,00
37,99	50,00
38,02	50,00
38,04	50,00
38,07	50,00
38,09	50,00
38,11	50,00
38,14	50,00
38,16	50,00
38,19	50,00
38,21	50,00
38,24	50,00
38,26	50,00
38,29	50,00
38,31	50,00
38,33	50,00
38,36	50,00
38,38	50,00
38,41	50,00
38,43	50,00
38,46	50,00
38,48	50,00
38,51	50,00
38,53	50,00
38,55	50,00
38,58	50,00
38,60	50,00
38,63	50,00
38,65	50,00
38,68	50,00
38,70	50,00
38,73	50,00
38,75	50,00
38,77	50,00
38,80	50,00
38,82	50,00
38,85	50,00
38,87	50,00
38,90	50,00
38,92	50,00
38,94	50,00
38,97	50,00
38,99	50,00
39,02	50,00
39,04	50,00
39,07	50,00
39,09	50,00
39,12	50,00
39,14	50,00
39,16	50,00
39,19	50,00
39,21	50,00
39,24	50,00
39,26	50,00
39,29	50,00
39,31	50,00
39,34	50,00
39,36	50,00
39,38	50,00
39,41	50,00
39,43	50,00
39,46	50,00
39,48	50,00
39,51	50,00
39,53	50,00
39,56	50,00
39,58	50,00
39,60	50,00
39,63	50,00
39,65	50,00
39,68	50,00
39,70	50,00
39,73	50,00
39,75	50,00
39,78	50,00
39,80	50,00
39,82	50,00
39,85	50,00
39,87	50,00
39,90	50,00
39,92	50,00
39,95	50,00
39,97	50,00
39,99	50,00
40,02	50,00
40,04	50,00
40,07	50,00
40,09	50,00
40,12	50,00
40,14	50,00
40,17	50,00
40,19	50,00
40,21	50,00
40,24	50,00
40,26	50,00
40,29	50,00
40,31	50,00
40,34	50,00
40,36	50,00
40,39	50,00
40,41	50,00
40,43	50,00
40,46	50,00
40,48	50,00
40,51	50,00
40,53	50,00
40,56	50,00
40,58	50,00
40,61	50,00
40,63	50,00
40,65	50,00
40,68	50,00
40,70	50,00
40,73	50,00
40,75	50,00
40,78	50,00
40,80	50,00
40,83	50,00
40,85	50,00
40,87	50,00
40,90	50,00
40,92	50,00
40,95	50,00
40,97	50,00
41,00	50,00
41,02	50,00
41,05	50,00
41,07	50,00
41,09	50,00
41,12	50,00
41,14	50,00
41,17	50,00
41,19	50,00
41,22	50,00
41,24	50,00
41,26	50,00
41,29	50,00
41,31	50,00
41,34	50,00
41,36	50,00
41,39	50,00
41,41	50,00
41,44	50,00
41,46	50,00
41,48	50,00
41,51	50,00
41,53	50,00
41,56	50,00
41,58	50,00
41,61	50,00
41,63	50,00
41,66	50,00
41,68	50,00
41,70	50,00
41,73	50,00
41,75	50,00
41,78	50,00
41,80	50,00
41,83	50,00
41,85	50,00
41,88	50,00
41,90	50,00
41,92	50,00
41,95	50,00
41,97	50,00
42,00	50,00
42,02	50,00
42,05	50,00
42,07	50,00
42,10	50,00
42,12	50,00
42,14	50,00
42,17	50,00
42,19	50,00
42,22	50,00
42,24	50,00
42,27	50,00
42,29	50,00
42,31	50,00
42,34	50,00
42,36	50,00
42,39	50,00
42,41	50,00
42,44	50,00
42,46	50,00
42,49	50,00
42,51	50,00
42,53	50,00
42,56	50,00
42,58	50,00
42,61	50,00
42,63	50,00
42,66	50,00
42,68	50,00
42,71	50,00
42,73	50,00
42,75	50,00
42,78	50,00
42,80	50,00
42,83	50,00
42,85	50,00
42,88	50,00
42,90	50,00
42,93	50,00
42,95	50,00
42,97	50,00
43,00	50,00
43,02	50,00
43,05	50,00
43,07	50,00
43,10	50,00
43,12	50,00
43,15	50,00
43,17	50,00
43,19	50,00
43,22	50,00
43,24	50,00
43,27	50,00
43,29	50,00
43,32	50,00
43,34	50,00
43,36	50,00
43,39	50,00
43,41	50,00
43,44	50,00
43,46	50,00
43,49	50,00
43,51	50,00
43,54	50,00
43,56	50,00
43,58	50,00
43,61	50,00
43,63	50,00
43,66	50,00
43,68	50,00
43,71	50,00
43,73	50,00
43,76	50,00
43,78	50,00
43,80	50,00
43,83	50,00
43,85	50,00
43,88	50,00
43,90	50,00
43,93	50,00
43,95	50,00
43,98	50,00
44,00	50,00
44,02	50,00
44,05	50,00
44,07	50,00
44,10	50,00
44,12	50,00
44,15	50,00
44,17	50,00
44,20	50,00
44,22	50,00
44,24	50,00
44,27	50,00
44,29	50,00
44,32	50,00
44,34	50,00
44,37	50,00
44,39	50,00
44,41	50,00
44,44	50,00
44,46	50,00
44,49	50,00
44,51	50,00
44,54	50,00
44,56	50,00
44,59	50,00
44,61	50,00
44,63	50,00
44,66	50,00
44,68	50,00
44,71	50,00
44,73	50,00
44,76	50,00
44,78	50,00
44,81	50,00
44,83	50,00
44,85	50,00
44,88	50,00
44,90	50,00
44,93	50,00
44,95	50,00
44,98	50,00
45,00	50,00
45,03	50,00
45,05	50,00
45,07	50,00
45,10	50,00
45,12	50,00
45,15	50,00
45,17	50,00
45,20	50,00
45,22	50,00
45,25	50,00
45,27	50,00
45,29	50,00
45,32	50,00
45,34	50,00
45,37	50,00
45,39	50,00
45,42	50,00
45,44	50,00
45,47	50,00
45,49	50,00
45,51	50,00
45,54	50,00
45,56	50,00
45,59	50,00
45,61	50,00
45,64	50,00
45,66	50,00
45,68	50,00
45,71	50,00
45,73	50,00
45,76	50,00
45,78	50,00
45,81	50,00
45,83	50,00
45,86	50,00
45,88	50,00
45,90	50,00
45,93	50,00
45,95	50,00
45,98	50,00
46,00	50,00
46,03	50,00
46,05	50,00
46,08	50,00
46,10	50,00
46,12	50,00
46,15	50,00
46,17	50,00
46,20	50,00
46,22	50,00
46,25	50,00
46,27	50,00
46,30	50,00
46,32	50,00
46,34	50,00
46,37	50,00
46,39	50,00
46,42	50,00
46,44	50,00
46,47	50,00
46,49	50,00
46,52	50,00
46,54	50,00
46,56	50,00
46,59	50,00
46,61	50,00
46,64	50,00
46,66	50,00
46,69	50,00
46,71	50,00
46,73	50,00
46,76	50,00
46,78	50,00
46,81	50,00
46,83	50,00
46,86	50,00
46,88	50,00
46,91	50,00
46,93	50,00
46,95	50,00
46,98	50,00
47,00	50,00
47,03	50,00
47,05	50,00
47,08	50,00
47,10	50,00
47,13	50,00
47,15	50,00
47,17	50,00
47,20	50,00
47,22	50,00
47,25	50,00
47,27	50,00
47,30	50,00
47,32	50,00
47,35	50,00
47,37	50,00
47,39	50,00
47,42	50,00
47,44	50,00
47,47	50,00
47,49	50,00
47,52	50,00
47,54	50,00
47,57	50,00
47,59	50,00
47,61	50,00
47,64	50,00
47,66	50,00
47,69	50,00
47,71	50,00
47,74	50,00
47,76	50,00
47,78	50,00
47,81	50,00
47,83	50,00
47,86	50,00
47,88	50,00
47,91	50,00
47,93	50,00
47,96	50,00
47,98	50,00
48,00	50,00
48,03	50,00
48,05	50,00
48,08	50,00
48,10	50,00
48,13	50,00
48,15	50,00
48,18	50,00
48,20	50,00
48,22	50,00
48,25	50,00
48,27	50,00
48,30	50,00
48,32	50,00
48,35	50,00
48,37	50,00
48,40	50,00
48,42	50,00
48,44	50,00
48,47	50,00
48,49	50,00
48,52	50,00
48,54	50,00
48,57	50,00
48,59	50,00
48,62	50,00
48,64	50,00
48,66	50,00
48,69	50,00
48,71	50,00
48,74	50,00
48,76	50,00
48,79	50,00
48,81	50,00
48,84	50,00
48,86	50,00
48,88	50,00
48,91	50,00
48,93	50,00
48,96	50,00
48,98	50,00
49,01	50,00
49,03	50,00
49,05	50,00
49,08	50,00
49,10	50,00
49,13	50,00
49,15	50,00
49,18	50,00
49,20	50,00
49,23	50,00
49,25	50,00
49,27	50,00
49,30	50,00
49,32	50,00
49,35	50,00
49,37	50,00
49,40	50,00
49,42	50,00
49,45	50,00
49,47	50,00
49,49	50,00
49,52	50,00
49,54	50,00
49,57	50,00
49,59	50,00
49,62	50,00
49,64	50,00
49,67	50,00
49,69	50,00
49,71	50,00
49,74	50,00
49,76	50,00
49,79	50,00
49,81	50,00
49,84	50,00
49,86	50,00
49,89	50,00
49,91	50,00
49,93	50,00
49,96	50,00
49,98	50,00
50,01	50,00
50,03	50,00
50,06	50,00
50,08	50,00
50,10	50,00
50,13	50,00
50,15	50,00
50,18	50,00
50,20	50,00
50,23	50,00
50,25	50,00
50,28	50,00
50,30	50,00
50,32	50,00
50,35	50,00
50,37	50,00
50,40	50,00
50,42	50,00
50,45	50,00
50,47	50,00
50,50	50,00
50,52	50,00
50,54	50,00
50,57	50,00
50,59	50,00
50,62	50,00
50,64	50,00
50,67	50,00
50,69	50,00
50,72	50,00
50,74	50,00
50,76	50,00
50,79	50,00
50,81	50,00
50,84	50,00
50,86	50,00
50,89	50,00
50,91	50,00
50,94	50,00
50,96	50,00
50,98	50,00
51,01	50,00
51,03	50,00
51,06	50,00
51,08	50,00
51,11	50,00
51,13	50,00
51,15	50,00
51,18	50,00
51,20	50,00
51,23	50,00
51,25	50,00
51,28	50,00
51,30	50,00
51,33	50,00
51,35	50,00
51,37	50,00
51,40	50,00
51,42	50,00
51,45	50,00
51,47	50,00
51,50	50,00
51,52	50,00
51,55	50,00
51,57	50,00
51,59	50,00
51,62	50,00
51,64	50,00
51,67	50,00
51,69	50,00
51,72	50,00
51,74	50,00
51,77	50,00
51,79	50,00
51,81	50,00
51,84	50,00
51,86	50,00
51,89	50,00
51,91	50,00
51,94	50,00
51,96	50,00
51,99	50,00
52,01	50,00
52,03	50,00
52,06	50,00
52,08	50,00
52,11	50,00
52,13	50,00
52,16	50,00
52,18	50,00
52,20	50,00
52,23	50,00
52,25	50,00
52,28	50,00
52,30	50,00
52,33	50,00
52,35	50,00
52,38	50,00
52,40	50,00
52,42	50,00
52,45	50,00
52,47	50,00
52,50	50,00
52,52	50,00
52,55	50,00
52,57	50,00
52,60	50,00
52,62	50,00
52,64	50,00
52,67	50,00
52,69	50,00
52,72	50,00
52,74	50,00
52,77	50,00
52,79	50,00
52,82	50,00
52,84	50,00
52,86	50,00
52,89	50,00
52,91	50,00
52,94	50,00
52,96	50,00
52,99	50,00
53,01	50,00
53,04	50,00
53,06	50,00
53,08	50,00
53,11	50,00
53,13	50,00
53,16	50,00
53,18	50,00
53,21	50,00
53,23	50,00
53,26	50,00
53,28	50,00
53,30	50,00
53,33	50,00
53,35	50,00
53,38	50,00
53,40	50,00
53,43	50,00
53,45	50,00
53,47	50,00
53,50	50,00
53,52	50,00
53,55	50,00
53,57	50,00
53,60	50,00
53,62	50,00
53,65	50,00
53,67	50,00
53,69	50,00
53,72	50,00
53,74	50,00
53,77	50,00
53,79	50,00
53,82	50,00
53,84	50,00
53,87	50,00
53,89	50,00
53,91	50,00
53,94	50,00
53,96	50,00
53,99	50,00
54,01	50,00
54,04	50,00
54,06	50,00
54,09	50,00
54,11	50,00
54,13	50,00
54,16	50,00
54,18	50,00
54,21	50,00
54,23	50,00
54,26	50,00
54,28	50,00
54,31	50,00
54,33	50,00
54,35	50,00
54,38	50,00
54,40	50,00
54,43	50,00
54,45	50,00
54,48	50,00
54,50	50,00
54,52	50,00
54,55	50,00
54,57	50,00
54,60	50,00
54,62	50,00
54,65	50,00
54,67	50,00
54,70	50,00
54,72	50,00
54,74	50,00
54,77	50,00
54,79	50,00
54,82	50,00
54,84	50,00
54,87	50,00
54,89	50,00
54,92	50,00
54,94	50,00
54,96	50,00
54,99	50,00
55,01	50,00
55,04	50,00
55,06	50,00
55,09	50,00
55,11	50,00
55,14	50,00
55,16	50,00
55,18	50,00
55,21	50,00
55,23	50,00
55,26	50,00
55,28	50,00
55,31	50,00
55,33	50,00
55,36	50,00
55,38	50,00
55,40	50,00
55,43	50,00
55,45	50,00
55,48	50,00
55,50	50,00
55,53	50,00
55,55	50,00
55,57	50,00
55,60	50,00
55,62	50,00
55,65	50,00
55,67	50,00
55,70	50,00
55,72	50,00
55,75	50,00
55,77	50,00
55,79	50,00
55,82	50,00
55,84	50,00
55,87	50,00
55,89	50,00
55,92	50,00
55,94	50,00
55,97	50,00
55,99	50,00
56,01	50,00
56,04	50,00
56,06	50,00
56,09	50,00
56,11	50,00
56,14	50,00
56,16	50,00
56,19	50,00
56,21	50,00
56,23	50,00
56,26	50,00
56,28	50,00
56,31	50,00
56,33	50,00
56,36	50,00
56,38	50,00
